202100000000535;13018171000190;15/01/2022;05/01/2022;447799,70;0;0;0;0;0;0;26851,20
202200000000001;13128897000185;02/02/2022;10/01/2022;273233,33;0;0;0;0;0;0;3087,38
202100000000561;12243697000100;26/01/2022;12/01/2022;70236,26;0;0;0;0;0;0;1126,79
202100000000501;11757681000153;02/01/2022;13/01/2022;1052,88;0;0;0;0;0;0;11,90
202100000000536;13104740000110;16/01/2022;13/01/2022;45444,47;0;0;0;0;0;0;826,26
202100000000537;13104740000110;16/01/2022;13/01/2022;7574,07;0;0;0;0;0;0;137,71
202100000000552;13128780003974;26/01/2022;14/01/2022;16236;0;0;0;0;0;0;270
202100000000378;11718406000120;01/12/2021;17/01/2022;16236;0;0;0;0;0;0;270
202100000000419;11718406000120;03/12/2021;17/01/2022;29224,80;0;0;0;0;0;0;486
202100000000382;11718406000120;01/12/2021;17/01/2022;38019,30;0;0;0;0;0;0;632,25
202100000000389;11718406000120;01/12/2021;17/01/2022;27060;0;0;0;0;0;0;450
202100000000383;11718406000120;01/12/2021;18/01/2022;20295;0;0;0;0;0;0;337,50
202100000000550;18169809000107;26/01/2022;18/01/2022;24354;0;0;0;0;0;0;405
202100000000551;18169809000107;26/01/2022;18/01/2022;6765;0;0;0;0;0;0;112,50
202100000000467;11718406000120;31/12/2021;19/01/2022;12177;0;0;0;0;0;0;202,50
202100000000470;11718406000120;31/12/2021;19/01/2022;16236;0;0;0;0;0;0;270
202100000000474;11718406000120;31/12/2021;19/01/2022;20295;0;0;0;0;0;0;337,50
202100000000475;11718406000120;31/12/2021;;47355;0;0;0;0;0;0;787,50
202100000000476;11718406000120;31/12/2021;19/01/2022;13530;0;0;0;0;0;0;225
202100000000478;11718406000120;31/12/2021;19/01/2022;27060;0;0;0;0;0;0;450
202200000000024;13128780010083;02/02/2022;19/01/2022;28413;0;0;0;0;0;0;472,50
202200000000225;17901209000129;01/04/2022;19/01/2022;4059;0;0;0;0;0;0;67,50
202200000000226;17901209000129;01/04/2022;19/01/2022;4059;0;0;0;0;0;0;67,50
202200000000229;13128780004512;01/04/2022;19/01/2022;4059;0;0;0;0;0;0;67,50
202200000000237;13128780009662;01/04/2022;19/01/2022;13615,47;0;0;0;0;0;0;218,43
202100000000468;11718406000120;31/12/2021;20/01/2022;4059;0;0;0;0;0;0;67,50
202100000000469;11718406000120;31/12/2021;20/01/2022;8118;0;0;0;0;0;0;135
202100000000471;11718406000120;31/12/2021;20/01/2022;40590;0;0;0;0;0;0;675
202100000000477;11718406000120;31/12/2021;20/01/2022;20295;0;0;0;0;0;0;337,50
202200000000231;19432705000106;01/04/2022;20/01/2022;27060;0;0;0;0;0;0;450
202100000000409;34841226000137;01/12/2021;21/01/2022;12109,35;0;0;0;0;0;0;0
202200000000228;13128780004512;01/04/2022;21/01/2022;12177;0;0;0;0;0;0;202,50
202200000000246;03904395000145;03/04/2022;21/01/2022;600;0;0;0;0;0;0;0
202200000000225;17901209000129;01/04/2022;24/01/2022;6054,68;0;0;0;0;0;0;0
202200000000233;13128780004601;01/04/2022;24/01/2022;4059;0;0;0;0;0;0;67,50
202200000000234;00796598000177;01/04/2022;24/01/2022;4059;0;0;0;0;0;0;67,50
202100000000404;03147393001473;01/12/2021;27/01/2022;14672;0;0;0;0;0;0;0
202100000000498;03147393001473;01/01/2022;27/01/2022;14672;0;0;0;0;0;0;0
202200000000211;11718406000120;01/04/2022;27/01/2022;14672;0;0;0;0;0;0;0
202100000000487;17901209000129;31/12/2021;28/01/2022;6765;0;0;0;0;0;0;112,50
202100000000546;17901209000129;20/01/2022;28/01/2022;6765;0;0;0;0;0;0;112,50
202200000000003;15613813000124;02/02/2022;28/01/2022;18164,03;0;0;0;0;0;0;0
202200000000032;13128780004784;02/02/2022;01/02/2022;0;0;0;0;0;0;0;135
202200000000007;34850014000116;02/02/2022;02/02/2022;0;0;0;0;0;0;0;467,45
202200000000044;03926703000133;17/02/2022;02/02/2022;0;0;0;0;0;0;0;0
202100000000489;13128780004512;31/12/2021;02/02/2022;0;0;0;0;0;0;0;135
202100000000488;13128780004512;31/12/2021;02/02/2022;0;0;0;0;0;0;0;202,50
202100000000547;13128780004512;20/01/2022;02/02/2022;0;0;0;0;0;0;0;202,50
202100000000473;11718406000120;31/12/2021;02/02/2022;0;0;0;0;0;0;0;337,50
202100000000548;13128780004512;20/01/2022;02/02/2022;0;0;0;0;0;0;0;135
202200000000027;19432705000106;02/02/2022;03/02/2022;0;0;0;0;0;0;0;202,50
202200000000004;34841195000114;02/02/2022;04/02/2022;0;0;0;0;0;0;0;0
202200000000041;34841195000114;09/02/2022;04/02/2022;0;0;0;0;0;0;0;0
202100000000412;13018171000190;01/12/2021;04/02/2022;0;0;0;0;1575,64;7272;2424,07;2140,61
202200000000045;22150907000170;17/02/2022;07/02/2022;0;0;0;0;0;0;0;0
202100000000438;17901209000129;12/12/2021;07/02/2022;0;0;0;0;0;0;0;135
202100000000485;17901209000129;31/12/2021;07/02/2022;0;0;0;0;0;0;0;135
202100000000428;17901209000129;09/12/2021;07/02/2022;0;0;0;0;0;0;0;121,50
202200000000079;13128780003974;03/03/2022;09/02/2022;0;0;0;0;0;0;0;270
202100000000458;34841271000191;31/12/2021;09/02/2022;0;0;0;0;0;0;0;101,47
202100000000512;34841271000191;08/01/2022;09/02/2022;0;0;0;0;0;0;0;101,47
202200000000099;13128897000185;04/03/2022;09/02/2022;0;0;0;0;0;0;0;2663,92
202200000000051;13106935000107;02/03/2022;09/02/2022;0;0;0;0;0;0;0;456,23
202200000000082;05050052000196;03/03/2022;10/02/2022;0;0;0;0;0;0;0;67,50
202200000000008;11368671000126;02/02/2022;10/02/2022;0;0;0;0;0;0;0;87,99
202200000000010;11368671000126;02/02/2022;10/02/2022;0;0;0;0;0;0;0;270
202200000000038;11757681000153;03/02/2022;10/02/2022;0;0;0;0;0;0;0;11,90
202200000000047;13356779000124;20/02/2022;10/02/2022;0;0;0;0;0;0;0;0
202100000000461;11368671000126;31/12/2021;10/02/2022;0;0;0;0;0;0;0;87,99
202100000000462;11368671000126;31/12/2021;10/02/2022;0;0;0;0;0;0;0;87,99
202100000000341;11368671000126;31/10/2021;10/02/2022;0;0;0;0;0;0;0;270
202200000000063;18169809000107;03/03/2022;11/02/2022;0;0;0;0;0;0;0;405
202200000000064;18169809000107;03/03/2022;11/02/2022;0;0;0;0;0;0;0;112,50
202200000000012;11718406000120;02/02/2022;11/02/2022;0;0;0;0;0;0;0;202,50
202200000000013;11718406000120;02/02/2022;11/02/2022;0;0;0;0;0;0;0;67,50
202200000000014;11718406000120;02/02/2022;11/02/2022;0;0;0;0;0;0;0;135
202200000000016;11718406000120;02/02/2022;11/02/2022;0;0;0;0;0;0;0;675
202200000000018;11718406000120;02/02/2022;11/02/2022;0;0;0;0;0;0;0;337,50
202200000000019;11718406000120;02/02/2022;11/02/2022;0;0;0;0;0;0;0;337,50
202200000000021;11718406000120;02/02/2022;11/02/2022;0;0;0;0;0;0;0;225
202200000000022;11718406000120;02/02/2022;11/02/2022;0;0;0;0;0;0;0;337,50
202100000000549;13117320000178;21/01/2022;11/02/2022;0;0;0;0;0;0;0;7379,68
202200000000092;13128780004431;03/03/2022;14/02/2022;0;0;0;0;0;0;0;202,50
202100000000472;11718406000120;31/12/2021;14/02/2022;0;0;0;0;0;0;0;911,25
202200000000054;34841195000114;03/03/2022;15/02/2022;0;0;0;0;0;0;0;0
202200000000055;04556274000112;03/03/2022;15/02/2022;0;0;0;0;0;0;0;0
202200000000097;13128780009662;03/03/2022;15/02/2022;0;0;0;0;0;0;0;67,50
202200000000098;13128780009662;03/03/2022;15/02/2022;0;0;0;0;0;0;0;67,50
202200000000048;13104740000110;02/03/2022;15/02/2022;0;0;0;0;0;0;0;826,26
202200000000049;13104740000110;02/03/2022;15/02/2022;0;0;0;0;0;0;0;137,71
202200000000062;03147393001473;03/03/2022;16/02/2022;0;0;0;0;0;0;0;0
202200000000090;13128780003389;03/03/2022;16/02/2022;0;0;0;0;0;0;0;877,50
202100000000541;17901209000129;20/01/2022;17/02/2022;0;0;0;0;0;0;0;675
202100000000544;17901209000129;20/01/2022;17/02/2022;0;0;0;0;0;0;0;135
202200000000080;13128780010083;03/03/2022;18/02/2022;0;0;0;0;0;0;0;472,50
202200000000081;13128780010083;03/03/2022;18/02/2022;0;0;0;0;0;0;0;67,50
202200000000093;13128780004601;03/03/2022;18/02/2022;0;0;0;0;0;0;0;67,50
202200000000096;13128780004784;03/03/2022;18/02/2022;0;0;0;0;0;0;0;135
202200000000002;13168992000102;02/02/2022;18/02/2022;0;0;0;0;0;0;0;0
202200000000015;11718406000120;02/02/2022;18/02/2022;0;0;0;0;0;0;0;270
202200000000111;09209809000100;07/03/2022;18/02/2022;0;0;0;0;0;0;0;0
202200000000017;11718406000120;02/02/2022;22/02/2022;0;0;0;0;0;0;0;1012,50
202200000000023;11718406000120;02/02/2022;22/02/2022;0;0;0;0;0;0;0;450
202200000000104;07811608000145;06/03/2022;22/02/2022;0;0;0;0;0;0;0;0
202200000000105;04606375000150;07/03/2022;22/02/2022;0;0;0;0;0;0;0;0
202200000000106;13279320000174;07/03/2022;22/02/2022;0;0;0;0;0;0;0;0
202200000000107;27216869001872;07/03/2022;22/02/2022;0;0;0;0;0;0;0;0
202200000000110;09326499000104;07/03/2022;22/02/2022;0;0;0;0;0;0;0;0
202200000000116;34841195000114;12/03/2022;22/02/2022;0;0;0;0;0;0;0;0
202200000000058;34850014000116;03/03/2022;23/02/2022;0;0;0;0;0;0;0;1274,86
202200000000091;19432705000106;03/03/2022;23/02/2022;0;0;0;0;0;0;0;202,50
202100000000457;34841226000137;31/12/2021;23/02/2022;0;0;0;0;0;0;0;0
202100000000427;17901209000129;09/12/2021;24/02/2022;0;0;0;0;0;0;0;243
202100000000543;17901209000129;20/01/2022;24/02/2022;0;0;0;0;0;0;0;283,50
202100000000422;11757681000153;05/12/2021;25/02/2022;0;0;0;0;0;0;0;23,79
202200000000150;09209809000100;26/03/2022;25/02/2022;0;0;0;0;0;0;0;0
202200000000112;12243697000100;10/03/2022;03/03/2022;58869,51;0;0;0;0;0;0;967,19
202200000000143;03926703000133;17/03/2022;03/03/2022;178,50;0;0;0;0;0;0;0
202200000000144;22150907000170;17/03/2022;03/03/2022;194,96;0;0;0;0;0;0;0
202200000000128;04517241000244;13/03/2022;04/03/2022;5956,50;0;0;0;0;0;0;0
202200000000020;11718406000120;02/02/2022;07/03/2022;47355;0;0;0;0;0;0;787,50
202200000000100;24322398000493;05/03/2022;07/03/2022;1216,17;0;0;0;0;0;0;0
202200000000101;24322398000140;05/03/2022;07/03/2022;760,10;0;0;0;0;0;0;0
202200000000102;24322398000736;05/03/2022;07/03/2022;912,12;0;0;0;0;0;0;0
202200000000103;24322398000221;05/03/2022;07/03/2022;127,50;0;0;0;0;0;0;0
202200000000230;13128780003389;01/04/2022;08/03/2022;52767;0;0;0;0;0;0;877,50
202200000000030;00796598000177;02/02/2022;08/03/2022;8118;0;0;0;0;0;0;135
202200000000115;11757681000153;12/03/2022;08/03/2022;1110,23;0;0;0;0;0;0;12,54
202200000000218;13128780003974;01/04/2022;09/03/2022;16236;0;0;0;0;0;0;270
202200000000237;13128780009662;01/04/2022;09/03/2022;4059;0;0;0;0;0;0;67,50
202200000000238;13128780009662;01/04/2022;09/03/2022;4059;0;0;0;0;0;0;67,50
202200000000036;13018171000190;03/02/2022;09/03/2022;447799,70;0;0;0;3636,10;16782;5594;26851,20
202200000000040;13128889000139;09/02/2022;09/03/2022;14940,31;0;0;0;0;0;0;240,20
202200000000042;13018171000190;09/02/2022;09/03/2022;34826,02;0;0;0;282,78;1305,16;435,05;2088,26
202200000000043;13018171000190;09/02/2022;09/03/2022;7886,51;0;0;0;64,04;295,56;98,52;472,90
202200000000147;13128889000139;18/03/2022;09/03/2022;14635,41;0;0;0;0;0;0;235,30
202200000000152;13104740000110;27/03/2022;09/03/2022;45444,47;0;0;0;0;0;0;826,26
202200000000153;13104740000110;27/03/2022;09/03/2022;7574,07;0;0;0;0;0;0;137,71
202200000000242;03904395000145;03/04/2022;09/03/2022;280430,95;0;0;0;0;0;0;2095,12
202200000000243;03904395000145;03/04/2022;09/03/2022;10519,36;0;0;0;0;0;0;49,59
202200000000244;03904395000145;03/04/2022;09/03/2022;13720,86;0;0;0;0;0;0;49,59
202200000000245;03904395000145;03/04/2022;09/03/2022;10519,36;0;0;0;0;0;0;49,59
202200000000246;03904395000145;03/04/2022;09/03/2022;10519,36;0;0;0;0;0;0;49,59
202200000000247;03904395000145;03/04/2022;09/03/2022;73635,47;0;0;0;0;0;0;347,16
202200000000248;03904395000145;03/04/2022;09/03/2022;10519,36;0;0;0;0;0;0;49,59
202200000000072;11718406000120;03/03/2022;10/03/2022;60885;0;0;0;0;0;0;1012,50
202200000000085;17901209000129;03/03/2022;10/03/2022;8118;0;0;0;0;0;0;135
202200000000086;17901209000129;03/03/2022;10/03/2022;13530;0;0;0;0;0;0;225
202200000000088;13128780004512;03/03/2022;10/03/2022;12177;0;0;0;0;0;0;202,50
202200000000089;13128780004512;03/03/2022;10/03/2022;8118;0;0;0;0;0;0;135
202200000000130;05314249000195;13/03/2022;10/03/2022;731,50;0;0;0;0;0;0;0
202200000000199;34841195000114;01/04/2022;10/03/2022;108984,15;0;0;0;0;0;0;0
202200000000200;04556274000112;01/04/2022;10/03/2022;6054,68;0;0;0;0;0;0;0
202100000000484;17901209000129;31/12/2021;10/03/2022;12177;0;0;0;0;0;0;202,50
202100000000429;17901209000129;09/12/2021;10/03/2022;4870,80;0;0;0;0;0;0;81
202200000000251;34841195000114;06/04/2022;10/03/2022;2587,91;0;0;0;0;0;0;0
202200000000254;13106935000107;07/04/2022;10/03/2022;24126,70;0;0;0;0;0;0;394,01
202200000000253;13106935000107;07/04/2022;10/03/2022;23146,20;0;0;0;0;0;0;378
202200000000080;13128780010083;03/03/2022;11/03/2022;28413;0;0;0;0;0;0;472,50
202200000000081;13128780010083;03/03/2022;11/03/2022;4059;0;0;0;0;0;0;67,50
202200000000065;11718406000120;03/03/2022;11/03/2022;12177;0;0;0;0;0;0;202,50
202200000000066;11718406000120;03/03/2022;11/03/2022;4059;0;0;0;0;0;0;67,50
202200000000067;11718406000120;03/03/2022;11/03/2022;8118;0;0;0;0;0;0;135
202200000000070;11718406000120;03/03/2022;11/03/2022;16236;0;0;0;0;0;0;270
202200000000071;11718406000120;03/03/2022;11/03/2022;40590;0;0;0;0;0;0;675
202200000000074;11718406000120;03/03/2022;11/03/2022;20295;0;0;0;0;0;0;337,50
202200000000075;11718406000120;03/03/2022;11/03/2022;47355;0;0;0;0;0;0;787,50
202200000000076;11718406000120;03/03/2022;11/03/2022;13530;0;0;0;0;0;0;225
202200000000078;11718406000120;03/03/2022;11/03/2022;27060;0;0;0;0;0;0;450
202200000000129;14650244000124;13/03/2022;11/03/2022;1596;0;0;0;0;0;0;0
202200000000241;13128897000185;03/04/2022;11/03/2022;148087,50;0;0;0;0;0;0;2803,25
202100000000417;11368671000126;01/12/2021;11/03/2022;24489;0;0;0;0;0;0;270
202200000000073;11718406000120;03/03/2022;14/03/2022;20295;0;0;0;0;0;0;337,50
202200000000077;11718406000120;03/03/2022;14/03/2022;20295;0;0;0;0;0;0;337,50
202200000000084;17901209000129;03/03/2022;14/03/2022;20295;0;0;0;0;0;0;337,50
202200000000095;13128780004350;03/03/2022;14/03/2022;27060;0;0;0;0;0;0;450
202200000000122;28376403000159;13/03/2022;14/03/2022;152;4,56;0;0;0;0;0;0
202200000000126;05126748000159;13/03/2022;14/03/2022;451,25;0;0;0;0;0;0;0
202200000000127;39249210000153;13/03/2022;14/03/2022;451,25;0;0;0;0;0;0;0
202200000000133;32718835000178;16/03/2022;14/03/2022;1044,99;0;0;0;0;0;0;0
202200000000136;32718835000178;16/03/2022;14/03/2022;4354,07;161,98;0;0;0;0;0;0
202100000000545;17901209000129;20/01/2022;14/03/2022;13530;0;0;0;0;0;0;225
202200000000087;17901209000129;03/03/2022;15/03/2022;6765;0;0;0;0;0;0;112,50
202200000000137;13356779000124;16/03/2022;15/03/2022;6270;0;0;0;0;0;0;0
202200000000205;18169809000107;01/04/2022;15/03/2022;31119;0;0;0;0;0;0;517,50
202200000000053;15613813000124;03/03/2022;16/03/2022;18164,03;0;0;0;0;0;0;0
202200000000221;05050052000196;01/04/2022;16/03/2022;4059;0;0;0;0;0;0;67,50
202200000000232;13128780004431;01/04/2022;16/03/2022;12177;0;0;0;0;0;0;202,50
202200000000140;14391014000198;16/03/2022;16/03/2022;712,50;0;0;0;0;0;0;0
202200000000141;14391014000198;16/03/2022;16/03/2022;3800;0;0;0;0;0;0;0
202200000000151;21316170000150;26/03/2022;16/03/2022;8871,10;0;0;0;0;0;0;0
202200000000203;34850014000116;01/04/2022;16/03/2022;76661,42;0;0;0;0;0;0;1274,86
202200000000264;38275932000110;08/04/2022;16/03/2022;494;0;0;0;0;0;0;0
202200000000145;23586875000112;18/03/2022;17/03/2022;684;0;0;0;0;0;0;0
202200000000146;44160820000116;18/03/2022;17/03/2022;1049,75;0;0;0;0;0;0;0
202200000000204;03147393001473;01/04/2022;17/03/2022;14672;0;0;0;0;0;0;0
202200000000056;34841226000137;03/03/2022;18/03/2022;12109,35;0;0;0;0;0;0;0
202200000000233;13128780004601;01/04/2022;18/03/2022;4059;0;0;0;0;0;0;67,50
202200000000198;15613813000124;01/04/2022;21/03/2022;18164,03;0;0;0;0;0;0;0
202200000000241;13128897000185;03/04/2022;21/03/2022;100000;0;0;0;0;0;0;0
202200000000267;27189666000196;08/04/2022;22/03/2022;403,20;0;0;0;0;0;0;0
202200000000231;19432705000106;01/04/2022;23/03/2022;12177;0;0;0;0;0;0;202,50
202200000000236;13128780004784;01/04/2022;23/03/2022;8118;0;0;0;0;0;0;135
202200000000161;69997096000100;27/03/2022;23/03/2022;684;0;0;0;0;0;0;0
202200000000191;35564087000104;27/03/2022;23/03/2022;1463;0;0;0;0;0;0;0
202200000000255;03926703000133;07/04/2022;24/03/2022;264,75;0;0;0;0;0;0;0
202200000000168;18311885000105;27/03/2022;25/03/2022;1330;0;0;0;0;0;0;0
202200000000170;09344391000217;27/03/2022;25/03/2022;684;0;0;0;0;0;0;0
202200000000256;22150907000170;07/04/2022;25/03/2022;324,08;0;0;0;0;0;0;0
202200000000154;11452852000136;27/03/2022;28/03/2022;427,50;0;0;0;0;0;0;0
202200000000155;12305814000113;27/03/2022;28/03/2022;475;0;0;0;0;0;0;0
202200000000156;05072232000179;27/03/2022;28/03/2022;1425;0;0;0;0;0;0;0
202200000000157;32876089000140;27/03/2022;28/03/2022;475;0;0;0;0;0;0;0
202200000000159;26587830000150;27/03/2022;28/03/2022;475;0;0;0;0;0;0;0
202200000000162;02668961000102;27/03/2022;28/03/2022;496,85;0;0;0;0;0;0;0
202200000000165;01073457000199;27/03/2022;28/03/2022;570;0;0;0;0;0;0;0
202200000000166;29315061000120;27/03/2022;28/03/2022;491,11;0;0;0;0;0;0;0
202200000000171;69990182000191;27/03/2022;28/03/2022;541,50;0;0;0;0;0;0;0
202200000000172;08364485000295;27/03/2022;28/03/2022;570;0;0;0;0;0;0;0
202200000000173;18025659000168;27/03/2022;28/03/2022;684;0;0;0;0;0;0;0
202200000000174;13384059000172;27/03/2022;28/03/2022;988;0;0;0;0;0;0;0
202200000000178;29932278000189;27/03/2022;28/03/2022;356,25;0;0;0;0;0;0;0
202200000000181;28706043000106;27/03/2022;28/03/2022;456;0;0;0;0;0;0;0
202200000000182;13013263001078;27/03/2022;28/03/2022;1045;0;0;0;0;0;0;0
202200000000183;10811677000163;27/03/2022;28/03/2022;522,50;0;0;0;0;0;0;0
202200000000184;21008341000183;27/03/2022;28/03/2022;418;0;0;0;0;0;0;0
202200000000185;14937103000197;27/03/2022;28/03/2022;843,60;0;0;0;0;0;0;0
202200000000187;02865831000151;27/03/2022;28/03/2022;380;0;0;0;0;0;0;0
202200000000188;07165156000171;27/03/2022;28/03/2022;513;0;0;0;0;0;0;0
202200000000189;11290005000112;27/03/2022;28/03/2022;541,50;0;0;0;0;0;0;0
202200000000190;13967024000166;27/03/2022;28/03/2022;1425;0;0;0;0;0;0;0
202200000000282;69990182000191;09/04/2022;28/03/2022;401,85;0;0;0;0;0;0;0
202200000000298;09109567003948;13/04/2022;29/03/2022;399;19,95;0;0;0;0;0;0
202200000000224;17901209000129;01/04/2022;30/03/2022;20295;0;0;0;0;0;0;337,50
202200000000228;13128780004512;01/04/2022;30/03/2022;12177;0;0;0;0;0;0;202,50
202200000000229;13128780004512;01/04/2022;30/03/2022;8118;0;0;0;0;0;0;135
202100000000483;17901209000129;31/12/2021;30/03/2022;36170,20;0;0;0;0;0;0;601,50
202100000000486;17901209000129;31/12/2021;30/03/2022;13530;0;0;0;0;0;0;225
202200000000373;09209809000100;28/04/2022;30/03/2022;342;0;0;0;0;0;0;0
202200000000252;07811608000145;06/04/2022;31/03/2022;2850;0;0;0;0;0;0;0
202200000000377;13104740000110;30/04/2022;12/04/2022;24169,08;0;0;0;0;0;0;401,93
202200000000380;13104740000110;30/04/2022;12/04/2022;7321,62;0;0;0;0;0;0;133,12
202200000000382;15613813000124;01/05/2022;13/04/2022;18164,03;0;0;0;0;0;0;0
202200000000406;13128780003974;01/05/2022;13/04/2022;16236;0;0;0;0;0;0;270
202200000000239;11757681000153;01/04/2022;13/04/2022;1110,23;0;0;0;0;0;0;12,54
202200000000426;13128897000185;04/05/2022;13/04/2022;161690,59;0;0;0;0;0;0;2956,96
202200000000301;13356779000124;13/04/2022;14/04/2022;6019,20;0;0;0;0;0;0;0
202200000000310;29932278000189;14/04/2022;14/04/2022;356,25;0;0;0;0;0;0;0
202200000000311;04606375000150;14/04/2022;14/04/2022;427,50;0;0;0;0;0;0;0
202200000000314;28706043000106;14/04/2022;14/04/2022;456;0;0;0;0;0;0;0
202200000000315;10811677000163;14/04/2022;14/04/2022;522,50;0;0;0;0;0;0;0
202200000000317;02865831000151;14/04/2022;14/04/2022;380;0;0;0;0;0;0;0
202200000000318;13279320000174;14/04/2022;14/04/2022;285;0;0;0;0;0;0;0
202200000000393;18169809000107;01/05/2022;18/04/2022;31119;0;0;0;0;0;0;517,50
202200000000424;13128780009662;01/05/2022;18/04/2022;4059;0;0;0;0;0;0;67,50
202200000000425;13128780009662;01/05/2022;18/04/2022;4059;0;0;0;0;0;0;67,50
202200000000320;18025659000168;15/04/2022;18/04/2022;684;0;0;0;0;0;0;0
202200000000332;09344391000217;17/04/2022;18/04/2022;684;0;0;0;0;0;0;0
202200000000343;04517241000244;20/04/2022;18/04/2022;5852;0;0;0;0;0;0;0
202200000000517;22150907000170;12/05/2022;18/04/2022;236,61;0;0;0;0;0;0;0
202200000000418;19432705000106;01/05/2022;19/04/2022;12177;0;0;0;0;0;0;202,50
202200000000149;05126752000117;26/03/2022;19/04/2022;456;0;0;0;0;0;0;0
202200000000146;44160820000116;18/03/2022;19/04/2022;1049,75;0;0;0;0;0;0;0
202200000000325;05072232000179;17/04/2022;19/04/2022;1389,85;0;0;0;0;0;0;0
202200000000327;29315061000120;17/04/2022;19/04/2022;654,82;0;0;0;0;0;0;0
202200000000340;08364485000295;17/04/2022;19/04/2022;570;0;0;0;0;0;0;0
202200000000341;03930531000503;17/04/2022;19/04/2022;342;0;0;0;0;0;0;0
202200000000334;04843468000107;17/04/2022;19/04/2022;988;0;0;0;0;0;0;0
202200000000338;07165156000171;17/04/2022;19/04/2022;513;0;0;0;0;0;0;0
202200000000339;11290005000112;17/04/2022;19/04/2022;541,50;0;0;0;0;0;0;0
202200000000363;21316170000150;23/04/2022;19/04/2022;4625,55;0;0;0;0;0;0;0
202200000000472;05126752000117;06/05/2022;19/04/2022;456;0;0;0;0;0;0;0
202200000000409;05050052000196;01/05/2022;20/04/2022;4059;0;0;0;0;0;0;67,50
202200000000420;13128780004601;01/05/2022;20/04/2022;4059;0;0;0;0;0;0;67,50
202200000000361;21008341000183;21/04/2022;20/04/2022;456;0;0;0;0;0;0;0
202200000000362;35564087000104;21/04/2022;20/04/2022;1463;0;0;0;0;0;0;0
202200000000510;13104740000110;07/05/2022;20/04/2022;7852,18;0;0;0;0;0;0;142,77
202200000000428;13106935000107;06/05/2022;20/04/2022;17635,20;0;0;0;0;0;0;288
202200000000429;13106935000107;06/05/2022;20/04/2022;30475,83;0;0;0;0;0;0;497,70
202200000000378;13104740000110;30/04/2022;20/04/2022;47113,11;0;0;0;0;0;0;856,60
202200000000052;13168992000102;03/03/2022;22/04/2022;30273,37;0;0;0;0;0;0;0
202200000000219;13128780010083;01/04/2022;22/04/2022;28413;0;0;0;0;0;0;472,50
202200000000220;13128780010083;01/04/2022;22/04/2022;4059;0;0;0;0;0;0;67,50
202200000000419;13128780004431;01/05/2022;22/04/2022;12177;0;0;0;0;0;0;202,50
202200000000347;43445770000150;20/04/2022;22/04/2022;570;0;0;0;0;0;0;0
202200000000348;29919761000123;20/04/2022;22/04/2022;1339,50;0;0;0;0;0;0;0
202200000000357;07165156000171;20/04/2022;22/04/2022;342;0;0;0;0;0;0;0
202200000000359;06846016000104;21/04/2022;22/04/2022;247;0;0;0;0;0;0;0
202200000000360;06846016000104;21/04/2022;22/04/2022;247;0;0;0;0;0;0;0
202200000000371;12014510000105;27/04/2022;22/04/2022;285;0;0;0;0;0;0;0
202200000000291;24322398000140;10/04/2022;25/04/2022;2280;0;0;0;0;0;0;0
202200000000292;24322398000493;10/04/2022;25/04/2022;3648;0;0;0;0;0;0;0
202200000000293;24322398000736;10/04/2022;25/04/2022;3192;0;0;0;0;0;0;0
202200000000294;24322398000221;10/04/2022;25/04/2022;342;0;0;0;0;0;0;0
202200000000358;14937103000197;20/04/2022;25/04/2022;843,60;0;0;0;0;0;0;0
202200000000518;03926703000133;12/05/2022;25/04/2022;158,25;0;0;0;0;0;0;0
202200000000422;13128780004350;01/05/2022;26/04/2022;27060;0;0;0;0;0;0;450
202200000000240;12243697000100;01/04/2022;26/04/2022;58986,37;0;0;0;0;0;0;969,11
202200000000423;13128780004784;01/05/2022;27/04/2022;8118;0;0;0;0;0;0;135
202200000000280;17428731016643;09/04/2022;27/04/2022;456;0;0;0;0;0;0;0
202200000000265;38275932000110;08/04/2022;27/04/2022;494;14,82;0;0;0;0;0;0
202200000000549;09209809000100;25/05/2022;27/04/2022;342;0;0;0;0;0;0;0
202200000000410;17901209000129;01/05/2022;28/04/2022;40590;0;0;0;0;0;0;675
202200000000412;17901209000129;01/05/2022;28/04/2022;8118;0;0;0;0;0;0;135
202200000000414;17901209000129;01/05/2022;28/04/2022;6765;0;0;0;0;0;0;112,50
202200000000394;11718406000120;01/05/2022;29/04/2022;12177;0;0;0;0;0;0;202,50
202200000000395;11718406000120;01/05/2022;29/04/2022;4059;0;0;0;0;0;0;67,50
202200000000397;11718406000120;01/05/2022;29/04/2022;16236;0;0;0;0;0;0;270
202200000000398;11718406000120;01/05/2022;29/04/2022;40590;0;0;0;0;0;0;675
202200000000399;11718406000120;01/05/2022;29/04/2022;60885;0;0;0;0;0;0;1012,50
202200000000400;11718406000120;01/05/2022;29/04/2022;20295;0;0;0;0;0;0;337,50
202200000000401;11718406000120;01/05/2022;29/04/2022;20295;0;0;0;0;0;0;337,50
202200000000402;11718406000120;01/05/2022;29/04/2022;47355;0;0;0;0;0;0;787,50
202200000000403;11718406000120;01/05/2022;29/04/2022;13530;0;0;0;0;0;0;225
202200000000404;11718406000120;01/05/2022;29/04/2022;20295;0;0;0;0;0;0;337,50
202200000000405;11718406000120;01/05/2022;29/04/2022;27060;0;0;0;0;0;0;450
202200000000297;09109567003948;13/04/2022;29/04/2022;399;0;0;0;0;0;0;0
202200000000375;39940559000137;28/04/2022;29/04/2022;798;0;0;0;0;0;0;0
202200000000496;27995600000193;06/05/2022;29/04/2022;1425;0;0;0;0;0;0;0
202200000000511;13128855000144;12/05/2022;02/05/2022;145582,18;0;0;0;0;0;0;1645
202200000000413;17901209000129;01/05/2022;02/05/2022;13530;0;0;0;0;0;0;225
202200000000416;13128780004512;01/05/2022;02/05/2022;8118;0;0;0;0;0;0;135
202200000000309;17428731016643;14/04/2022;02/05/2022;456;0;0;0;0;0;0;0
202200000000565;03904395000145;27/05/2022;03/05/2022;10519,36;0;0;0;0;0;0;49,59
202200000000234;00796598000177;01/04/2022;03/05/2022;8118;0;0;0;0;0;0;135
202200000000457;01747578000179;06/05/2022;03/05/2022;1615;0;0;0;0;0;0;0
202200000000553;27189666000196;26/05/2022;03/05/2022;403,20;0;0;0;0;0;0;0
202200000000484;18311885000105;06/05/2022;03/05/2022;1995;0;0;0;0;0;0;0
202200000000492;00794431000177;06/05/2022;03/05/2022;570;0;0;0;0;0;0;0
202200000000560;03904395000145;27/05/2022;04/05/2022;308611,61;0;0;0;0;0;0;2234,16
202200000000564;03904395000145;27/05/2022;04/05/2022;34393,55;0;0;0;0;0;0;105,80
202200000000562;03904395000145;27/05/2022;04/05/2022;10519,36;0;0;0;0;0;0;49,59
202200000000566;03904395000145;27/05/2022;04/05/2022;10519,36;0;0;0;0;0;0;49,59
202200000000563;03904395000145;27/05/2022;04/05/2022;71714,50;0;0;0,01;0;0;0;324,02
202200000000561;03904395000145;27/05/2022;04/05/2022;10519,36;0;0;0;0;0;0;49,59
202200000000389;13018171000190;01/05/2022;04/05/2022;447799,70;0;0;0;3636,10;16782;5594;26851,20
202200000000119;13018171000190;12/03/2022;04/05/2022;62225,78;0;0;0;505,27;2332,01;777,34;3731,21
202200000000278;13018171000190;09/04/2022;04/05/2022;27789,50;0;0;0;225,65;1041,46;347,15;1666,33
202200000000279;13018171000190;09/04/2022;04/05/2022;6927,97;0;0;0;56,25;259,64;86,55;415,42
202200000000094;00796598000177;03/03/2022;04/05/2022;8118;0;0;0;0;0;0;135
202200000000120;30903019000109;13/03/2022;04/05/2022;684;0;0;0;0;0;0;0
202200000000574;39249210000153;29/05/2022;04/05/2022;451,25;0;0;0;0;0;0;0
202200000000006;34841226000137;02/02/2022;05/05/2022;12109,35;0;0;0;0;0;0;0
202200000000396;11718406000120;01/05/2022;05/05/2022;8118;0;0;0;0;0;0;135
202200000000447;05126748000159;06/05/2022;05/05/2022;427,50;0;0;0;0;0;0;0
202200000000438;08620924000100;06/05/2022;05/05/2022;285;0;0;0;0;0;0;0
202200000000524;13356779000124;18/05/2022;05/05/2022;6520,80;0;0;0;0;0;0;0
202200000000531;11168783000133;18/05/2022;06/05/2022;3758,90;0;0;0;0;0;0;0
202200000000528;11168783000133;18/05/2022;06/05/2022;22553,36;0;0;0;0;0;0;0
202200000000530;11168783000133;18/05/2022;06/05/2022;31212,75;0;0;0;0;0;0;0
202200000000529;11168783000133;18/05/2022;06/05/2022;11863,35;0;0;0;0;0;0;0
202200000000532;11168783000133;18/05/2022;06/05/2022;3758,90;0;0;0;0;0;0;0
202200000000039;13117320000178;09/02/2022;06/05/2022;235850,14;0;0;0;0;0;0;2664,97
202200000000478;04515488000221;06/05/2022;06/05/2022;285;0;0;0;0;0;0;0
202200000000449;02668961000102;06/05/2022;06/05/2022;496,85;0;0;0;0;0;0;0
202200000000441;05072232000179;06/05/2022;06/05/2022;1353,75;0;0;0;0;0;0;0
202200000000442;32876089000140;06/05/2022;06/05/2022;475;0;0;0;0;0;0;0
202200000000443;12305814000113;06/05/2022;06/05/2022;570;0;0;0;0;0;0;0
202200000000444;23586875000112;06/05/2022;06/05/2022;570;0;0;0;0;0;0;0
202200000000445;44160820000116;06/05/2022;06/05/2022;570;0;0;0;0;0;0;0
202200000000461;03402488000171;06/05/2022;06/05/2022;456;0;0;0;0;0;0;0
202200000000463;28706043000106;06/05/2022;06/05/2022;456;0;0;0;0;0;0;0
202200000000465;10811677000163;06/05/2022;06/05/2022;522,50;0;0;0;0;0;0;0
202200000000467;02865831000151;06/05/2022;06/05/2022;380;0;0;0;0;0;0;0
202200000000468;13279320000174;06/05/2022;06/05/2022;285;0;0;0;0;0;0;0
202200000000469;29932278000189;06/05/2022;06/05/2022;356,25;0;0;0;0;0;0;0
202200000000473;38275932000110;06/05/2022;06/05/2022;494;0;0;0;0;0;0;0
202200000000474;14937103000197;06/05/2022;06/05/2022;843,60;0;0;0;0;0;0;0
202200000000476;21008341000183;06/05/2022;06/05/2022;456;0;0;0;0;0;0;0
202200000000479;07165156000171;06/05/2022;06/05/2022;513;0;0;0;0;0;0;0
202200000000480;11290005000112;06/05/2022;06/05/2022;541,50;0;0;0;0;0;0;0
202200000000481;69990182000191;06/05/2022;06/05/2022;401,85;0;0;0;0;0;0;0
202200000000487;02949016000413;06/05/2022;06/05/2022;1292;0;0;0;0;0;0;0
202200000000490;04606375000150;06/05/2022;06/05/2022;142,50;0;0;0;0;0;0;0
202200000000495;43931923000170;06/05/2022;06/05/2022;399;0;0;0;0;0;0;0
202200000000434;04515488000221;06/05/2022;06/05/2022;285;0;0;0;0;0;0;0
202200000000435;04515488000221;06/05/2022;06/05/2022;285;0;0;0;0;0;0;0
202200000000493;28964988000128;06/05/2022;06/05/2022;142,50;0;0;0;0;0;0;0
202200000000494;35546159000190;06/05/2022;06/05/2022;142,50;0;0;0;0;0;0;0
202200000000263;26587830000150;08/04/2022;09/05/2022;475;14,25;0;0;0;0;0;0
202200000000384;04556274000112;01/05/2022;10/05/2022;6054,68;0;0;0;0;0;0;0
202200000000386;34841271000191;01/05/2022;10/05/2022;5953,21;0;0;0;0;0;0;101,47
202200000000594;18169809000107;01/06/2022;10/05/2022;31119;0;0;0;0;0;0;517,50
202200000000519;11757681000153;18/05/2022;11/05/2022;2220,46;0;0;0;0;0;0;25,09
202200000000635;13128897000185;02/06/2022;11/05/2022;225340,87;0;0;0;0;0;0;3078,25
202200000000610;05050052000196;01/06/2022;11/05/2022;4059;0;0;0;0;0;0;67,50
202200000000125;05876992000139;13/03/2022;11/05/2022;570;0;0;0;0;0;0;0
202200000000545;10847382001038;25/05/2022;11/05/2022;465,50;0;0;0;0;0;0;0
202200000000268;05876992000139;08/04/2022;11/05/2022;570;0;0;0;0;0;0;0
202200000000547;10847382001038;25/05/2022;11/05/2022;636,50;0;0;0;0;0;0;0
202200000000068;11368671000126;03/03/2022;12/05/2022;7980,69;0;0;0;0;0;0;87,99
202200000000061;11368671000126;03/03/2022;12/05/2022;24489;0;0;0;0;0;0;270
202200000000283;11368671000126;09/04/2022;12/05/2022;7980,69;0;0;0;0;0;0;87,99
202200000000390;11368671000126;01/05/2022;12/05/2022;7980,69;0;0;0;0;0;0;87,99
202200000000284;11368671000126;09/04/2022;12/05/2022;7980,69;0;0;0;0;0;0;87,99
202200000000391;11368671000126;01/05/2022;12/05/2022;7980,69;0;0;0;0;0;0;87,99
202200000000285;11368671000126;09/04/2022;12/05/2022;24489;0;0;0;0;0;0;270
202200000000392;11368671000126;01/05/2022;12/05/2022;24489;0;0;0;0;0;0;270
202200000000585;34841195000114;01/06/2022;12/05/2022;108984,15;0;0;0;0;0;0;0
202200000000586;04556274000112;01/06/2022;12/05/2022;6054,68;0;0;0;0;0;0;0
202200000000591;11368671000126;01/06/2022;12/05/2022;7980,69;0;0;0;0;0;0;87,99
202200000000592;11368671000126;01/06/2022;12/05/2022;7980,69;0;0;0;0;0;0;87,99
202200000000593;11368671000126;01/06/2022;12/05/2022;28931,98;0;0;0;0;0;0;318,99
202200000000427;12243697000100;06/05/2022;12/05/2022;59103,24;0;0;0;0;0;0;971,03
202200000000607;13128780003974;01/06/2022;12/05/2022;16236;0;0;0;0;0;0;270
202200000000588;15613813000124;01/06/2022;13/05/2022;24218,70;0;0;0;0;0;0;0
202100000000030;11368671000126;03/03/2021;13/05/2022;7980,69;0;0;0;0;0;0;87,99
202200000000657;34841195000114;04/06/2022;13/05/2022;2542,87;0;0;0;0;0;0;0
202200000000568;13104740000110;29/05/2022;13/05/2022;48781,76;0;0;0;0;0;0;886,94
202200000000569;13104740000110;29/05/2022;13/05/2022;8130,29;0;0;0;0;0;0;147,82
202200000000570;13104740000110;29/05/2022;13/05/2022;7574,07;0;0;0;0;0;0;137,71
202200000000662;13104740000110;05/06/2022;13/05/2022;35306,27;0;0;0;0;0;0;587,13
202200000000659;13104740000110;04/06/2022;13/05/2022;24169,08;0;0;0;0;0;0;401,93
202200000000411;17901209000129;01/05/2022;13/05/2022;20295;0;0;0;0;0;0;337,50
202200000000626;13128780003389;01/06/2022;13/05/2022;54390,60;0;0;0;0;0;0;904,50
202200000000622;13128780004350;01/06/2022;13/05/2022;27060;0;0;0;0;0;0;450
202200000000388;34850014000116;01/05/2022;16/05/2022;84450,37;0;0;0;0;0;0;1404,39
202200000000633;34850014000116;01/06/2022;16/05/2022;84450,37;0;0;0;0;0;0;1404,39
202200000000387;34850014000116;01/05/2022;16/05/2022;14279,74;0;0;0;0;0;0;237,47
202200000000197;13168992000102;01/04/2022;17/05/2022;30273,37;0;0;0;0;0;0;0
202200000000618;19432705000106;01/06/2022;17/05/2022;12177;0;0;0;0;0;0;202,50
202200000000624;13128780009662;01/06/2022;17/05/2022;4059;0;0;0;0;0;0;67,50
202200000000625;13128780009662;01/06/2022;17/05/2022;4059;0;0;0;0;0;0;67,50
202200000000453;26587830000150;06/05/2022;17/05/2022;475;0;0;0;0;0;0;0
202200000000543;21316170000150;19/05/2022;17/05/2022;4774,70;0;0;0;0;0;0;0
202200000000146;44160820000116;18/03/2022;17/05/2022;1049,75;0;0;0;0;0;0;0
202200000000619;13128780004431;01/06/2022;18/05/2022;12177;0;0;0;0;0;0;202,50
202200000000477;31389989000109;06/05/2022;18/05/2022;190;26,60;0;0;0;0;0;0
202200000000537;35564087000104;19/05/2022;18/05/2022;1548,50;0;0;0;0;0;0;0
202200000000550;07480558000160;25/05/2022;18/05/2022;285;0;0;0;0;0;0;0
202200000000372;31389989000109;27/04/2022;18/05/2022;190;43,70;0;0;0;0;0;0
202200000000407;13128780010083;01/05/2022;19/05/2022;28413;0;0;0;0;0;0;472,50
202200000000408;13128780010083;01/05/2022;19/05/2022;4059;0;0;0;0;0;0;67,50
202200000000620;13128780004601;01/06/2022;19/05/2022;4059;0;0;0;0;0;0;67,50
202200000000596;11718406000120;01/06/2022;19/05/2022;4059;0;0;0;0;0;0;67,50
202200000000597;11718406000120;01/06/2022;19/05/2022;8118;0;0;0;0;0;0;135
202200000000535;05876992000139;19/05/2022;19/05/2022;570;0;0;0;0;0;0;0
202200000000491;44563716001810;06/05/2022;19/05/2022;532;79,80;0;0;0;0;0;0
202200000000538;24322398000736;19/05/2022;19/05/2022;3420;0;0;0;0;0;0;0
202200000000539;24322398000140;19/05/2022;19/05/2022;2945;0;0;0;0;0;0;0
202200000000540;24322398000221;19/05/2022;19/05/2022;494;0;0;0;0;0;0;0
202200000000541;24322398000493;19/05/2022;19/05/2022;4560;0;0;0;0;0;0;0
202200000000542;29315061000120;19/05/2022;19/05/2022;654,55;0;0;0;0;0;0;0
202200000000556;12014510000105;27/05/2022;19/05/2022;3705;0;0;0;0;0;0;0
202200000000681;07165156000252;10/06/2022;19/05/2022;342;0;0;0;0;0;0;0
202200000000534;08364485000295;19/05/2022;20/05/2022;570;17,10;0;0;0;0;0;0
202200000000595;11718406000120;01/06/2022;23/05/2022;12177;0;0;0;0;0;0;202,50
202200000000599;11718406000120;01/06/2022;23/05/2022;40590;0;0;0;0;0;0;675
202200000000600;11718406000120;01/06/2022;23/05/2022;60885;0;0;0;0;0;0;1012,50
202200000000601;11718406000120;01/06/2022;23/05/2022;20295;0;0;0;0;0;0;337,50
202200000000602;11718406000120;01/06/2022;23/05/2022;20295;0;0;0;0;0;0;337,50
202200000000603;11718406000120;01/06/2022;23/05/2022;47355;0;0;0;0;0;0;787,50
202200000000604;11718406000120;01/06/2022;23/05/2022;13530;0;0;0;0;0;0;225
202200000000451;39940559000137;06/05/2022;24/05/2022;1064;212,80;0;0;0;0;0;0
202200000000536;12020066000122;19/05/2022;24/05/2022;380;26,60;0;0;0;0;0;0
202200000000558;22531405000270;27/05/2022;24/05/2022;114;0;0;0;0;0;0;0
202200000000722;05126752000117;15/06/2022;24/05/2022;456;0;0;0;0;0;0;0
202200000000431;34841195000114;06/05/2022;25/05/2022;1280,21;0;0;1,29;0;0;0;0
202200000000544;04517241000244;25/05/2022;25/05/2022;6792,50;0;0;0;0;0;0;0
202200000000459;17428731016643;06/05/2022;25/05/2022;456;0;0;0;0;0;0;0
202200000000667;03926703000133;08/06/2022;25/05/2022;203,25;0;0;0;0;0;0;0
202200000000475;24466120000147;06/05/2022;25/05/2022;546,25;114,70;0;0;0;0;0;0
202200000000623;13128780004784;01/06/2022;26/05/2022;8118;0;0;0;0;0;0;135
202200000000621;00796598000177;01/06/2022;26/05/2022;8118;0;0;0;0;0;0;135
202200000000668;22150907000170;08/06/2022;26/05/2022;233,28;0;0;0;0;0;0;0
202200000000551;29919761000123;25/05/2022;26/05/2022;1539;0;0;0;0;0;0;0
202200000000554;03930531000503;27/05/2022;26/05/2022;342;0;0;0;0;0;0;0
202200000000557;06943858000257;27/05/2022;26/05/2022;2394;0;0;0;0;0;0;0
202200000000612;17901209000129;01/06/2022;27/05/2022;20295;0;0;0;0;0;0;337,50
202200000000613;17901209000129;01/06/2022;27/05/2022;8118;0;0;0;0;0;0;135
202200000000614;17901209000129;01/06/2022;27/05/2022;13530;0;0;0;0;0;0;225
202200000000630;11168783000133;01/06/2022;27/05/2022;8674,37;0;0;0;0;0;0;0
202200000000631;11168783000133;01/06/2022;27/05/2022;8674,37;0;0;0;0;0;0;0
202200000000628;11168783000133;01/06/2022;27/05/2022;27376,96;0;0;0;0;0;0;0
202200000000627;11168783000133;01/06/2022;27/05/2022;52046,20;0;0;0;0;0;0;0
202200000000629;11168783000133;01/06/2022;27/05/2022;72029,48;0;0;0;0;0;0;0
202200000000669;43061782000181;09/06/2022;30/05/2022;14672;0;0;0;0;0;0;0
202200000000605;11718406000120;01/06/2022;30/05/2022;20295;0;0;0;0;0;0;337,50
202200000000665;13356779000124;08/06/2022;31/05/2022;4765,20;0;0;0;0;0;0;0
202200000000567;18025659000168;29/05/2022;31/05/2022;684;0;0;0;0;0;0;0
202200000000573;39249210000153;29/05/2022;31/05/2022;451,25;0;0;0;0;0;0;0
202200000000575;24166316000116;29/05/2022;31/05/2022;798;0;0;0;0;0;0;0
202200000000576;08840340000132;29/05/2022;31/05/2022;798;0;0;0;0;0;0;0
202200000000577;01334368000159;29/05/2022;31/05/2022;798;0;0;0;0;0;0;0
202200000000651;00794431000177;03/06/2022;31/05/2022;570;0;0;0;0;0;0;0
202200000000640;11757681000153;02/06/2022;01/06/2022;1110,22;0;0;0;0;0;0;12,55
202200000000685;13128889000139;11/06/2022;01/06/2022;12705,69;0;0;0;0;0;0;204,27
202200000000686;13128889000139;11/06/2022;01/06/2022;13901,23;0;0;0;0;0;0;223,49
202200000000687;13128889000139;11/06/2022;01/06/2022;13431,84;0;0;0;0;0;0;215,95
202200000000616;13128780004512;01/06/2022;02/06/2022;12177;0;0;0;0;0;0;202,50
202200000000617;13128780004512;01/06/2022;02/06/2022;8118;0;0;0;0;0;0;135
202200000000636;07165156000171;02/06/2022;02/06/2022;513;0;0;0;0;0;0;0
202200000000637;11290005000112;02/06/2022;02/06/2022;541,50;0;0;0;0;0;0;0
202200000000638;69990182000191;02/06/2022;02/06/2022;384,75;0;0;0;0;0;0;0
202200000000639;07165156000252;02/06/2022;02/06/2022;401,85;0;0;0;0;0;0;0
202200000000643;02223966010348;03/06/2022;02/06/2022;665;0;0;0;0;0;0;0
202200000000644;23586875000112;03/06/2022;02/06/2022;570;0;0;0;0;0;0;0
202200000000645;11452852000136;03/06/2022;02/06/2022;427,50;0;0;0;0;0;0;0
202200000000646;02668961000102;03/06/2022;02/06/2022;496,85;0;0;0;0;0;0;0
202200000000649;26587830000150;03/06/2022;02/06/2022;475;0;0;0;0;0;0;0
202200000000654;01747578000179;03/06/2022;02/06/2022;1615;0;0;0;0;0;0;0
202200000000660;07811608000145;04/06/2022;02/06/2022;3325;0;0;0;0;0;0;0
202200000000663;13128855000144;05/06/2022;02/06/2022;162313,84;0;0;0;0;0;0;1834,05
202200000000742;03904395000145;22/06/2022;03/06/2022;10519,36;0;0;0;0;0;0;49,59
202200000000520;13018171000190;18/05/2022;06/06/2022;21574,61;0;0;0;175,18;808,54;269,51;1293,67
202200000000522;13018171000190;18/05/2022;06/06/2022;4181,69;0;0;0;33,96;156,72;52,24;250,74
202200000000661;43445770000150;04/06/2022;06/06/2022;788,50;0;0;0;0;0;0;0
202200000000684;13018171000190;11/06/2022;06/06/2022;5975,49;0;0;0;48,52;223,94;74,65;358,31
202200000000733;13018171000190;16/06/2022;06/06/2022;10697,18;0;0;0;86,86;400,89;133,63;641,43
202200000000737;03904395000145;22/06/2022;07/06/2022;309283,09;0;0;0;0;0;0;2242,25
202200000000739;03904395000145;22/06/2022;07/06/2022;33844,70;0;0;0;0;0;0;99,19
202200000000743;03904395000145;22/06/2022;07/06/2022;10519,36;0;0;0;0;0;0;49,59
202200000000744;03904395000145;22/06/2022;07/06/2022;10519,36;0;0;0;0;0;0;49,59
202200000000738;03904395000145;22/06/2022;07/06/2022;69519,11;0;0;0;0;0;0;297,57
202200000000740;03904395000145;22/06/2022;07/06/2022;10519,36;0;0;0;0;0;0;49,59
202200000000606;11718406000120;01/06/2022;07/06/2022;27060;0;0;0;0;0;0;450
202200000000009;11368671000126;02/02/2022;07/06/2022;7980,69;0;0;0;0;0;0;87,99
202200000000008;11368671000126;02/02/2022;07/06/2022;4156,89;0;0;0,09;0;0;0;0
202200000000381;13168992000102;01/05/2022;08/06/2022;30273,37;0;0;0;0;0;0;0
202200000000589;34841226000137;01/06/2022;08/06/2022;12109,35;0;0;0;0;0;0;0
202200000000728;12243697000100;15/06/2022;08/06/2022;70196,32;0;0;0;0;0;0;1153,28
202200000000771;34841195000114;01/07/2022;09/06/2022;108984,15;0;0;0;0;0;0;0
202200000000783;18169809000107;01/07/2022;09/06/2022;31119;0;0;0;0;0;0;517,50
202200000000069;11368671000126;03/03/2022;10/06/2022;7980,69;0;0;0;0;0;0;87,99
202200000000415;13128780004512;01/05/2022;10/06/2022;12177;0;0;0;0;0;0;202,50
202200000000611;17901209000129;01/06/2022;10/06/2022;0;0;0;0;0;0;0;675
202100000000463;11368671000126;31/12/2021;10/06/2022;0;0;0;0;0;0;0;270
202200000000777;11368671000126;01/07/2022;10/06/2022;0;0;0;0;0;0;0;87,99
202200000000778;11368671000126;01/07/2022;10/06/2022;0;0;0;0;0;0;0;87,99
202200000000779;11368671000126;01/07/2022;10/06/2022;0;0;0;0;0;0;0;318,99
202200000000809;19432705000106;01/07/2022;10/06/2022;0;0;0;0;0;0;0;202,50
202200000000083;17901209000129;03/03/2022;13/06/2022;0;0;0;0;0;0;0;667,50
202200000000436;43445770000150;06/05/2022;14/06/2022;0;0;0;0;0;0;0;0
202200000000641;30903019000109;02/06/2022;14/06/2022;0;0;0;0;0;0;0;0
202200000000694;27189666000196;15/06/2022;14/06/2022;0;0;0;0;0;0;0;0
202200000000713;29315061000120;15/06/2022;14/06/2022;0;0;0;0;0;0;0;0
202200000000717;18311885000105;15/06/2022;14/06/2022;0;0;0;0;0;0;0;0
202200000000718;09344391000217;15/06/2022;14/06/2022;0;0;0;0;0;0;0;0
202200000000726;21008341000183;15/06/2022;14/06/2022;0;0;0;0;0;0;0;0
202200000000800;05050052000196;01/07/2022;14/06/2022;0;0;0;0;0;0;0;67,50
202200000000811;13128780004431;01/07/2022;14/06/2022;0;0;0;0;0;0;0;202,50
202200000000814;13128780004350;01/07/2022;14/06/2022;0;0;0;0;0;0;0;450
202200000000736;01679569000198;17/06/2022;14/06/2022;0;0;0;0;0;0;0;0
202200000000735;01679569000198;17/06/2022;14/06/2022;0;0;0;0;0;0;0;0
202200000000690;01679569000198;15/06/2022;14/06/2022;0;0;0;0;0;0;0;0
202200000000688;01679569000198;15/06/2022;14/06/2022;0;0;0;0;0;0;0;0
202200000000590;34841271000191;01/06/2022;15/06/2022;0;0;0;0;0;0;0;101,47
202200000000598;11718406000120;01/06/2022;15/06/2022;0;0;0;0;0;0;0;270
202200000000689;24322398000493;15/06/2022;15/06/2022;0;0;0;0;0;0;0;0
202200000000691;24322398000221;15/06/2022;15/06/2022;0;0;0;0;0;0;0;0
202200000000692;24322398000140;15/06/2022;15/06/2022;0;0;0;0;0;0;0;0
202200000000693;24322398000736;15/06/2022;15/06/2022;0;0;0;0;0;0;0;0
202200000000695;29932278000189;15/06/2022;15/06/2022;0;0;0;0;0;0;0;0
202200000000696;35546159000190;15/06/2022;15/06/2022;0;0;0;0;0;0;0;0
202200000000697;04606375000150;15/06/2022;15/06/2022;0;0;0;0;0;0;0;0
202200000000698;28964988000128;15/06/2022;15/06/2022;0;0;0;0;0;0;0;0
202200000000699;28706043000106;15/06/2022;15/06/2022;0;0;0;0;0;0;0;0
202200000000700;10811677000163;15/06/2022;15/06/2022;0;0;0;0;0;0;0;0
202200000000701;02865831000151;15/06/2022;15/06/2022;0;0;0;0;0;0;0;0
202200000000702;13279320000174;15/06/2022;15/06/2022;0;0;0;0;0;0;0;0
202200000000703;27995600000193;15/06/2022;15/06/2022;0;0;0;0;0;0;0;0
202200000000704;11791767000100;15/06/2022;15/06/2022;0;0;0;0;0;0;0;0
202200000000705;04515488000221;15/06/2022;15/06/2022;0;0;0;0;0;0;0;0
202200000000708;23233023000141;15/06/2022;15/06/2022;0;0;0;0;0;0;0;0
202200000000709;05072232000179;15/06/2022;15/06/2022;0;0;0;0;0;0;0;0
202200000000710;32876089000140;15/06/2022;15/06/2022;0;0;0;0;0;0;0;0
202200000000711;12305814000113;15/06/2022;15/06/2022;0;0;0;0;0;0;0;0
202200000000712;12020066000122;15/06/2022;15/06/2022;0;0;0;0;0;0;0;0
202200000000714;09628926000109;15/06/2022;15/06/2022;0;0;0;0;0;0;0;0
202200000000720;08364485000295;15/06/2022;15/06/2022;0;0;0;0;0;0;0;0
202200000000723;38275932000110;15/06/2022;15/06/2022;0;0;0;0;0;0;0;0
202200000000724;14937103000197;15/06/2022;15/06/2022;0;0;0;0;0;0;0;0
202200000000747;34939001000207;25/06/2022;15/06/2022;0;0;0;0;0;0;0;0
202200000000787;11718406000120;01/07/2022;15/06/2022;0;0;0;0;0;0;0;135
202200000000820;13128897000185;02/07/2022;15/06/2022;0;0;0;0;0;0;0;2990,77
202200000000179;03402488000171;27/03/2022;17/06/2022;0;0;0;0;0;0;0;0
202200000000725;06846016000104;15/06/2022;17/06/2022;247;7,41;0;0;0;0;0;0
202200000000833;04843468000107;09/07/2022;17/06/2022;988;0;0;0;0;0;0;0
202200000000826;13128855000144;07/07/2022;17/06/2022;169423,70;0;0;0;0;0;0;1914,39
202200000000816;13128780009662;01/07/2022;20/06/2022;4059;0;0;0;0;0;0;67,50
202200000000817;13128780009662;01/07/2022;20/06/2022;4059;0;0;0;0;0;0;67,50
202200000000730;06091465000181;16/06/2022;20/06/2022;617,50;30,87;0;0;0;0;0;0
202200000000734;69983856000120;16/06/2022;20/06/2022;332,50;0;0;0;0;0;0;0
202200000000146;44160820000116;18/03/2022;20/06/2022;1049,75;0;0;0;0;0;0;0
202200000000770;15613813000124;01/07/2022;21/06/2022;24218,70;0;0;0;0;0;0;0
202200000000772;04556274000112;01/07/2022;21/06/2022;0;0;0;0;0;0;0;0
202200000000784;11718406000120;01/07/2022;21/06/2022;0;0;0;0;0;0;0;202,50
202200000000785;11718406000120;01/07/2022;21/06/2022;0;0;0;0;0;0;0;67,50
202200000000795;11718406000120;01/07/2022;21/06/2022;0;0;0;0;0;0;0;337,50
202200000000798;13128780010083;01/07/2022;21/06/2022;0;0;0;0;0;0;0;472,50
202200000000799;13128780010083;01/07/2022;21/06/2022;0;0;0;0;0;0;0;67,50
202200000000851;03926703000133;09/07/2022;21/06/2022;0;0;0;0;0;0;0;0
202200000000823;34841195000114;07/07/2022;21/06/2022;0;0;0;0;0;0;0;0
202200000000583;13168992000102;01/06/2022;22/06/2022;0;0;0;0;0;0;0;0
202200000000615;17901209000129;01/06/2022;22/06/2022;0;0;0;0;0;0;0;112,50
202200000000802;17901209000129;01/07/2022;22/06/2022;0;0;0;0;0;0;0;337,50
202200000000803;17901209000129;01/07/2022;22/06/2022;0;0;0;0;0;0;0;135
202200000000808;13128780003389;01/07/2022;22/06/2022;0;0;0;0;0;0;0;945
202200000000812;13128780004601;01/07/2022;22/06/2022;0;0;0;0;0;0;0;67,50
202200000000788;11718406000120;01/07/2022;22/06/2022;0;0;0;0;0;0;0;270
202200000000790;11718406000120;01/07/2022;22/06/2022;0;0;0;0;0;0;0;1012,50
202200000000791;11718406000120;01/07/2022;22/06/2022;0;0;0;0;0;0;0;337,50
202200000000792;11718406000120;01/07/2022;22/06/2022;0;0;0;0;0;0;0;337,50
202200000000793;11718406000120;01/07/2022;22/06/2022;0;0;0;0;0;0;0;787,50
202200000000794;11718406000120;01/07/2022;22/06/2022;0;0;0;0;0;0;0;225
202200000000796;11718406000120;01/07/2022;22/06/2022;0;0;0;0;0;0;0;450
202200000000421;00796598000177;01/05/2022;23/06/2022;0;0;0;0;0;0;0;135
202200000000801;17901209000129;01/07/2022;23/06/2022;0;0;0;0;0;0;0;675
202200000000806;13128780004512;01/07/2022;23/06/2022;0;0;0;0;0;0;0;202,50
202200000000807;13128780004512;01/07/2022;23/06/2022;0;0;0;0;0;0;0;135
202200000000815;13128780004784;01/07/2022;23/06/2022;0;0;0;0;0;0;0;135
202200000000786;02949016000413;01/07/2022;24/06/2022;0;0;0;0;0;0;0;0
202200000000750;17336019000106;29/06/2022;27/06/2022;0;0;0;0;0;0;0;0
202200000000776;34850014000116;01/07/2022;27/06/2022;0;0;0;0;0;0;0;1404,39
202200000000766;11168783000133;01/07/2022;28/06/2022;0;0;0;0;0;0;0;0
202200000000767;11168783000133;01/07/2022;28/06/2022;0;0;0;0;0;0;0;0
202200000000764;11168783000133;01/07/2022;28/06/2022;0;0;0;0;0;0;0;0
202200000000765;11168783000133;01/07/2022;28/06/2022;0;0;0;0;0;0;0;0
202200000000655;05126748000159;03/06/2022;28/06/2022;0;0;0;0;0;0;0;0
202200000000706;39249210000153;15/06/2022;28/06/2022;0;0;0;0;0;0;0;0
202200000000745;21316170000150;25/06/2022;28/06/2022;0;0;0;0;0;0;0;0
202200000000813;00796598000177;01/07/2022;28/06/2022;0;0;0;0;0;0;0;135
202200000000763;11168783000133;01/07/2022;28/06/2022;0;0;0;0;0;0;0;0
202200000000852;22150907000170;09/07/2022;28/06/2022;0;0;0;0;0;0;0;0
202200000000758;13104740000110;30/06/2022;28/06/2022;0;0;0;0;0;0;0;482,31
202200000000757;13104740000110;30/06/2022;28/06/2022;0;0;0;0;0;0;0;704,56
202200000000676;17428731016643;10/06/2022;29/06/2022;0;0;0;0;0;0;0;0
202200000000748;12014510000105;29/06/2022;29/06/2022;0;0;0;0;0;0;0;0
202200000000841;05876992000139;09/07/2022;29/06/2022;0;0;0;0;0;0;0;0
202200000000797;13128780003974;01/07/2022;30/06/2022;0;0;0;0;0;0;0;270
202200000000780;12243697000100;01/07/2022;30/06/2022;0;0;0;0;0;0;0;1136,81
202200000000850;11757681000153;09/07/2022;30/06/2022;0;0;0;0;0;0;0;12,55
202200000000821;07811608000145;03/07/2022;30/06/2022;0;0;0;0;0;0;0;0
202200000000846;10565000000192;09/07/2022;30/06/2022;0;0;0;0;0;0;0;0
202200000000860;09209809000100;27/07/2022;30/06/2022;0;0;0;0;0;0;0;0
202200000000861;09209809000100;28/07/2022;30/06/2022;0;0;0;0;0;0;0;0
