202400000000733;80464753000197;14/07/2024;02/07/2024;649,66;0;0;0;0;0;0;0
202400000000736;01679569000198;21/07/2024;09/07/2024;2599,20;0;0;0;0;0;0;0
202400000000823;14267717000109;01/08/2024;05/07/2024;476505,05;0;0;0;0;0;0;0
202400000000863;14267717000109;15/08/2024;19/07/2024;448451,20;0;0;0;0;0;0;0
202400000000865;14267717000109;21/08/2024;26/07/2024;215553,01;0;0;0;0;0;0;0
202400000000838;01679569000198;08/08/2024;25/07/2024;2599,20;0;0;0;0;0;0;0
202400000000832;88301155002314;03/08/2024;17/07/2024;54627,66;0;0;0;0;0;0;0
202400000000840;14391014000198;09/08/2024;24/07/2024;3087,50;0;0;0;0;0;0;0
202400000000616;13104740000110;30/06/2024;03/07/2024;17261,26;0;0;0;0;0;0;953,44
202400000000617;13104740000110;30/06/2024;03/07/2024;17114,43;0;0;0;0;0;0;945,33
202400000000613;13104740000110;30/06/2024;10/07/2024;8208,56;0;0;0;0;0;0;497,49
202400000000611;13104740000110;30/06/2024;11/07/2024;52868,23;0;0;0;0;0;0;3204,14
202400000000615;13104740000110;30/06/2024;11/07/2024;25613,33;0;0;0;0;0;0;1414,78
202400000000741;13104740000110;28/07/2024;15/07/2024;28912,39;0;0;0;0;0;0;1597
202400000000743;13104740000110;28/07/2024;15/07/2024;13338,24;0;0;0;0;0;0;736,75
202400000000744;13104740000110;28/07/2024;15/07/2024;13224,79;0;0;0;0;0;0;730,48
202400000000725;09623431000189;14/07/2024;01/07/2024;242,15;0;0;0;0;0;0;0
202400000000713;13183699000114;14/07/2024;02/07/2024;95;0;0;0;0;0;0;0
202400000000719;09308955000185;14/07/2024;02/07/2024;95;0;0;0;0;0;0;0
202400000000721;00495095000161;14/07/2024;02/07/2024;355,77;0;0;0;0;0;0;0
202400000000726;22150907000170;14/07/2024;02/07/2024;315,75;0;0;0;0;0;0;0
202400000000720;03963091000159;14/07/2024;04/07/2024;168,97;3,54;0;0;0;0;0;0
202400000000727;40983088000123;14/07/2024;12/07/2024;157,52;3,77;0;0;0;0;0;0
202400000000730;09618386000174;14/07/2024;18/07/2024;204,21;0;0;0;0;0;0;0
202400000000841;03926703000133;10/08/2024;18/07/2024;232,45;0;0;0;0;0;0;0
202400000000860;38460570000137;10/08/2024;18/07/2024;145,24;0;0;0;0;0;0;0
202400000000845;10250158000254;10/08/2024;19/07/2024;95;0;0;0;0;0;0;0
202400000000852;04538231000104;10/08/2024;19/07/2024;95;0;0;0;0;0;0;0
202400000000842;07821600000160;10/08/2024;22/07/2024;181,26;0;0;0;0;0;0;0
202400000000846;36177114000159;10/08/2024;23/07/2024;104,50;0;0;0;0;0;0;0
202400000000850;18586862000103;10/08/2024;23/07/2024;96,59;0;0;0;0;0;0;0
202400000000856;35434511000104;10/08/2024;23/07/2024;95;0;0;0;0;0;0;0
202400000000861;04563500000192;10/08/2024;23/07/2024;123,50;0;0;0;0;0;0;0
202400000000859;20947234000158;10/08/2024;25/07/2024;252,74;0;0;0;0;0;0;0
202400000000848;28089000000129;10/08/2024;26/07/2024;99,75;0;0;0;0;0;0;0
202400000000855;22150907000170;10/08/2024;26/07/2024;283,26;0;0;0;0;0;0;0
202400000000858;15110859000120;10/08/2024;26/07/2024;354,17;0;0;0;0;0;0;0
202400000000862;31456426000188;11/08/2024;26/07/2024;98;0;0;0;0;0;0;0
202400000000843;11824146000178;10/08/2024;29/07/2024;155,94;0;0;0;0;0;0;0
202400000000844;12215304000155;10/08/2024;29/07/2024;145,64;0;0;0;0;0;0;0
202400000000847;09308955000185;10/08/2024;29/07/2024;95;0;0;0;0;0;0;0
202400000000854;32062768000186;10/08/2024;29/07/2024;106,08;0;0;0;0;0;0;0
202400000000857;10741183000150;10/08/2024;29/07/2024;95;0;0;0;0;0;0;0
202400000000851;12612456000191;10/08/2024;30/07/2024;108,30;0;0;0;0;0;0;0
202400000000853;09623431000189;10/08/2024;30/07/2024;168,09;0;0;0;0;0;0;0
202400000000696;13128897000185;07/07/2024;01/07/2024;173226,37;0;0;0;0;0;0;0
202400000000831;13128897000185;02/08/2024;16/07/2024;80000;0;0;0;0;0;0;18739,22
202300000001834;13117320000178;10/12/2023;03/07/2024;41603,58;0;0;0;0;0;0;683,52
202400000000687;13095039000181;03/07/2024;04/07/2024;15165,97;0;0;0;0;0;0;827,23
202300000000498;13106935000107;01/04/2023;09/07/2024;19418,42;0;0;0;0;0;0;319,03
202400000000811;12243697000100;31/07/2024;15/07/2024;81108,18;0;0;0;0;0;0;4424,08
202400000000502;11294402000162;01/06/2024;01/07/2024;60089,11;0;0;0;0;0;0;3405,29
202400000000503;11294402000162;01/06/2024;01/07/2024;26426,84;0;0;0;0;0;0;1497,62
202400000000621;11294402000162;03/07/2024;01/07/2024;46246,97;0;0;0;0;0;0;2620,84
202400000000622;11294402000162;03/07/2024;01/07/2024;339318,35;0;0;0;0;0;0;19229,38
202400000000626;11294402000162;03/07/2024;01/07/2024;13213,43;0;0;0;0;0;0;748,81
202400000000620;11049830000120;03/07/2024;01/07/2024;10436,73;0;0;0;0;0;0;591,46
202400000000558;13366927000191;02/06/2024;02/07/2024;19080,63;0;0;0;0;0;0;1053,94
202400000000627;11168783000133;03/07/2024;02/07/2024;44526,67;0;0;0;0;0;0;2523,35
202400000000628;11168783000133;03/07/2024;02/07/2024;21812,71;0;0;0;0;0;0;1236,14
202400000000629;11168783000133;03/07/2024;02/07/2024;15709,26;0;0;0;0;0;0;890,25
202400000000633;11168783000133;03/07/2024;02/07/2024;6929,25;0;0;0;0;0;0;392,68
202400000000634;11168783000133;03/07/2024;02/07/2024;65940,57;0;0;0;0;0;0;3736,89
202400000000635;11168783000133;03/07/2024;02/07/2024;21611,62;0;0;0;0;0;0;1224,74
202400000000684;13366927000191;03/07/2024;02/07/2024;45188;0;0;0;0;0;0;2496
202400000000651;11718406000120;03/07/2024;03/07/2024;19005,48;0;0;0;0;0;0;1049,78
202400000000652;11718406000120;03/07/2024;03/07/2024;47513,70;0;0;0;0;0;0;2624,46
202400000000653;11718406000120;03/07/2024;03/07/2024;71270,56;0;0;0;0;0;0;3936,69
202400000000654;11718406000120;03/07/2024;03/07/2024;23756,85;0;0;0;0;0;0;1312,23
202400000000658;11718406000120;03/07/2024;03/07/2024;21647,64;0;0;0;0;0;0;1195,73
202400000000667;17819159000135;03/07/2024;03/07/2024;4751,37;0;0;0;0;0;0;262,45
202400000000708;11718406000120;10/07/2024;03/07/2024;1572,68;0;0;0;0;0;0;86,87
202400000000612;13104740000110;30/06/2024;03/07/2024;8811,38;0;0;0;0;0;0;534,02
202400000000665;17901209000129;03/07/2024;04/07/2024;23756,85;0;0;0;0;0;0;1312,23
202400000000827;03904395000145;02/08/2024;08/07/2024;13309,79;0;0;0;0;0;0;711,09
202400000000828;03904395000145;02/08/2024;08/07/2024;13309,79;0;0;0;0;0;0;711,09
202400000000834;03904395000145;03/08/2024;08/07/2024;72878,60;0;0;0;0;0;0;4034,63
202400000000835;03904395000145;03/08/2024;08/07/2024;93168,50;0;0;0;0;0;0;4977,64
202400000000836;03904395000145;07/08/2024;08/07/2024;362202,43;0;0;0;0;0;0;20120,78
202400000000829;03904395000145;02/08/2024;09/07/2024;13309,79;0;0;0;0;0;0;711,09
202400000000765;34841195000114;31/07/2024;10/07/2024;135393,48;0;0;0;0;0;0;7672,83
202400000000772;18169809000107;31/07/2024;15/07/2024;33162,73;0;0;0;0;0;0;1831,77
202400000000785;13128780003974;31/07/2024;15/07/2024;23756,85;0;0;0;0;0;0;1312,23
202400000000806;13128780009662;31/07/2024;15/07/2024;4751,37;0;0;0;0;0;0;262,45
202400000000807;13128780009662;31/07/2024;15/07/2024;4751,37;0;0;0;0;0;0;262,45
202400000000808;20654940000101;31/07/2024;15/07/2024;4751,37;0;0;0;0;0;0;262,45
202400000000766;49334482000105;31/07/2024;15/07/2024;7521,86;0;0;0;0;0;0;426,27
202400000000824;13128780003974;01/08/2024;15/07/2024;3784;0;0;0;0;0;0;209,01
202400000000769;49410081000197;31/07/2024;16/07/2024;7521,86;0;0;0;0;0;0;426,27
202400000000770;04556274000112;31/07/2024;16/07/2024;7521,86;0;0;0;0;0;0;426,27
202400000000803;00796598000177;31/07/2024;16/07/2024;9502,75;0;0;0;0;0;0;524,89
202400000000798;13128780003389;31/07/2024;17/07/2024;66519,18;0;0;0;0;0;0;3674,25
202400000000801;13128780004431;31/07/2024;17/07/2024;19005,48;0;0;0;0;0;0;1049,78
202400000000825;34841195000114;02/08/2024;18/07/2024;10428,08;0;0;0;0;0;0;590,97
202400000000768;08042554000163;31/07/2024;18/07/2024;7521,86;0;0;0;0;0;0;426,27
202400000000669;17901209000129;03/07/2024;19/07/2024;7215,88;0;0;0;0;0;0;398,58
202400000000773;11718406000120;31/07/2024;24/07/2024;14254,11;0;0;0;0;0;0;787,34
202400000000775;11718406000120;31/07/2024;24/07/2024;9502,75;0;0;0;0;0;0;524,89
202400000000774;11718406000120;31/07/2024;24/07/2024;4751,37;0;0;0;0;0;0;262,45
202400000000778;11718406000120;31/07/2024;24/07/2024;71270,56;0;0;0;0;0;0;3936,69
202400000000783;11718406000120;31/07/2024;24/07/2024;21647,64;0;0;0;0;0;0;1195,73
202400000000787;13128780010083;31/07/2024;24/07/2024;4751,37;0;0;0;0;0;0;262,45
202400000000786;13128780010083;31/07/2024;24/07/2024;32832,70;0;0;0;0;0;0;1813,54
202400000000776;11718406000120;31/07/2024;24/07/2024;19005,48;0;0;0;0;0;0;1049,78
202400000000685;13366927000191;03/07/2024;25/07/2024;19080,63;0;0;0;0;0;0;1053,94
202400000000777;11718406000120;31/07/2024;25/07/2024;47513,70;0;0;0;0;0;0;2624,46
202400000000780;11718406000120;31/07/2024;25/07/2024;21647,64;0;0;0;0;0;0;1195,73
202400000000781;11718406000120;31/07/2024;25/07/2024;50511,16;0;0;0;0;0;0;2790,03
202400000000782;11718406000120;31/07/2024;25/07/2024;14431,76;0;0;0;0;0;0;797,15
202400000000805;13128780004784;31/07/2024;25/07/2024;9502,75;0;0;0;0;0;0;524,89
202400000000799;19432705000106;31/07/2024;31/07/2024;9502,75;0;0;0;0;0;0;524,89
202400000000814;19432705000106;31/07/2024;31/07/2024;11554,41;0;0;0;0;0;0;638,22
202400000000788;05050052000196;31/07/2024;17/07/2024;4751,37;0;0;0;0;0;0;262,45
202400000000804;13128780004350;31/07/2024;23/07/2024;30972,73;0;0;0;0;0;0;1710,81
202400000000868;11527108000153;24/08/2024;29/07/2024;11858;0;0;0;0;0;0;672
202300000001607;34841195000114;12/10/2023;25/07/2024;39028,54;0;0;0;0;0;0;2211,77
202300000001608;34841195000114;12/10/2023;25/07/2024;54739,23;0;0;0;0;0;0;3102,11
202400000000732;14391014000198;14/07/2024;09/08/2024;3087,50;0;0;0;0;0;0;0
202400000000972;14391014000198;06/09/2024;22/08/2024;3087,50;0;0;0;0;0;0;0
202400000000973;01679569000198;06/09/2024;23/08/2024;2599,20;0;0;0;0;0;0;0
202400000000813;13095039000181;31/07/2024;09/08/2024;15165,97;0;0;0;0;0;0;827,23
202400000000837;13128855000144;08/08/2024;09/08/2024;257190,41;0;0;0;0;0;0;14575,14
202400000000963;13113626000156;04/09/2024;29/08/2024;1760;0;0;0;0;0;0;96
202400000000935;14267717000109;31/08/2024;02/08/2024;638301,45;0;0;0;0;0;0;0
202400000000867;18105959000661;24/08/2024;09/08/2024;2861,97;0;0;0;0;0;0;0
202400000000999;14267717000109;21/09/2024;28/08/2024;417484,71;0;0;0;0;0;0;0
202400000000997;14267717000109;20/09/2024;30/08/2024;58361,67;0;0;0;0;0;0;0
202400000000872;13104740000110;30/08/2024;07/08/2024;18708,02;0;0;0;0;0;0;1033,35
202400000000874;13104740000110;30/08/2024;07/08/2024;8630,63;0;0;0;0;0;0;476,72
202400000000875;13104740000110;30/08/2024;07/08/2024;8557,21;0;0;0;0;0;0;472,67
202400000000966;12243697000100;05/09/2024;13/08/2024;80217,22;0;0;0;0;0;0;4375,49
202400000000055;13117320000178;03/02/2024;15/08/2024;41584,88;0;0;0;0;0;0;683,21
202400000000742;13104740000110;28/07/2024;15/08/2024;19792,12;0;0;0;0;0;0;1093,24
202400000000497;13104740000110;30/05/2024;16/08/2024;17892,36;0;0;0;0;0;0;988,30
202400000000498;13104740000110;30/05/2024;16/08/2024;12704,53;0;0;0;0;0;0;701,75
202400000000618;13104740000110;30/06/2024;16/08/2024;17114,43;0;0;0;0;0;0;945,33
202400000000619;13104740000110;30/06/2024;16/08/2024;12152,17;0;0;0;0;0;0;671,24
202400000000873;13104740000110;30/08/2024;15/08/2024;12806,67;0;0;0;0;0;0;707,39
202400000000849;03963091000159;10/08/2024;20/08/2024;302,25;0;0;0;0;0;0;0
202400000000977;03926703000133;12/09/2024;20/08/2024;165,81;0;0;0;0;0;0;0
202400000000979;07821600000160;12/09/2024;26/08/2024;113,20;0;0;0;0;0;0;0
202400000000984;09308955000185;12/09/2024;27/08/2024;99,75;0;0;0;0;0;0;0
202400000000988;12612456000191;12/09/2024;27/08/2024;85,50;0;0;0;0;0;0;0
202400000000983;10250158000254;12/09/2024;28/08/2024;95;0;0;0;0;0;0;0
202400000000986;00495095000161;12/09/2024;28/08/2024;455,52;0;0;0;0;0;0;0
202400000000993;15110859000120;12/09/2024;28/08/2024;576,58;0;0;0;0;0;0;0
202400000000980;11824146000178;12/09/2024;29/08/2024;163,86;0;0;0;0;0;0;0
202400000000982;12215304000155;12/09/2024;29/08/2024;133,78;0;0;0;0;0;0;0
202400000000989;04538231000104;12/09/2024;29/08/2024;95;0;0;0;0;0;0;0
202400000000831;13128897000185;02/08/2024;05/08/2024;250669,20;0;0;0;0;0;0;0
202400000000967;13128897000185;05/09/2024;15/08/2024;48000;0;0;0;0;0;0;20103,68
202400000000967;13128897000185;05/09/2024;30/08/2024;306746,21;0;0;0;0;0;0;0
202400000000965;12200168000120;05/09/2024;15/08/2024;101856,79;0;0;0;0;0;0;5555,83
202400000000790;17901209000129;31/07/2024;01/08/2024;52265,07;0;0;0;0;0;0;2886,91
202400000000796;13128780004512;31/07/2024;01/08/2024;9502,75;0;0;0;0;0;0;524,89
202400000000797;13128780004512;31/07/2024;01/08/2024;7215,88;0;0;0;0;0;0;398,58
202400000000809;13366927000191;31/07/2024;01/08/2024;45188;0;0;0;0;0;0;2496
202400000000795;13128780004512;31/07/2024;01/08/2024;14254,11;0;0;0;0;0;0;787,34
202400000000802;13128780004601;31/07/2024;01/08/2024;9502,75;0;0;0;0;0;0;524,89
202400000000784;11718406000120;31/07/2024;02/08/2024;28863,53;0;0;0;0;0;0;1594,30
202400000000792;17901209000129;31/07/2024;02/08/2024;9502,75;0;0;0;0;0;0;524,89
202400000000763;13168992000102;31/07/2024;02/08/2024;37609,30;0;0;0;0;0;0;2131,34
202400000000793;17901209000129;31/07/2024;02/08/2024;14431,76;0;0;0;0;0;0;797,15
202400000000826;11718406000120;02/08/2024;02/08/2024;6587,32;0;0;0;0;0;0;363,86
202400000000936;03904395000145;01/09/2024;05/08/2024;13309,79;0;0;0;0;0;0;711,09
202400000000937;03904395000145;01/09/2024;05/08/2024;13309,79;0;0;0;0;0;0;711,09
202400000000637;11294402000162;03/07/2024;06/08/2024;68093,96;0;0;0;0;0;0;3858,92
202400000000624;11294402000162;03/07/2024;06/08/2024;26426,84;0;0;0;0;0;0;1497,62
202400000000625;11294402000162;03/07/2024;06/08/2024;182957;0;0;0;0;0;0;10368,28
202400000000748;11294402000162;31/07/2024;06/08/2024;46246,97;0;0;0;0;0;0;2620,84
202400000000750;11294402000162;31/07/2024;06/08/2024;26426,84;0;0;0;0;0;0;1497,62
202400000000752;11294402000162;31/07/2024;06/08/2024;13213,43;0;0;0;0;0;0;748,81
202400000000817;11168783000133;01/08/2024;06/08/2024;42296,30;0;0;0;0;0;0;2396,96
202400000000818;11168783000133;01/08/2024;06/08/2024;21513,26;0;0;0;0;0;0;1219,17
202400000000819;11168783000133;01/08/2024;06/08/2024;15262,30;0;0;0;0;0;0;864,92
202400000000759;11168783000133;31/07/2024;06/08/2024;6929,25;0;0;0;0;0;0;392,68
202400000000760;11168783000133;31/07/2024;06/08/2024;65940,57;0;0;0;0;0;0;3736,89
202400000000761;11168783000133;31/07/2024;06/08/2024;21611,62;0;0;0;0;0;0;1224,74
202400000000833;11294402000162;03/08/2024;06/08/2024;332943,47;0;0;0;0;0;0;18868,11
202400000000791;17901209000129;31/07/2024;06/08/2024;23756,85;0;0;0;0;0;0;1312,23
202400000000938;03904395000145;01/09/2024;06/08/2024;13309,79;0;0;0;0;0;0;711,09
202400000000908;05050052000196;31/08/2024;06/08/2024;4751,37;0;0;0;0;0;0;262,45
202400000000789;17819159000135;31/07/2024;07/08/2024;4751,37;0;0;0;0;0;0;262,45
202400000000767;34841226000137;31/07/2024;07/08/2024;15043,72;0;0;0;0;0;0;852,54
202400000000964;03904395000145;05/09/2024;08/08/2024;93168,50;0;0;0;0;0;0;4977,64
202400000000883;34841195000114;31/08/2024;08/08/2024;135393,48;0;0;0;0;0;0;7672,83
202400000000904;13128780003974;31/08/2024;08/08/2024;23756,85;0;0;0;0;0;0;1312,23
202400000000934;34841195000114;31/08/2024;08/08/2024;7300,39;0;0;0;0;0;0;413,72
202400000000771;34850014000116;31/07/2024;09/08/2024;86187,32;0;0;0;0;0;0;4760,64
202400000000881;13168992000102;31/08/2024;09/08/2024;37609,30;0;0;0;0;0;0;2131,34
202400000000970;03904395000145;06/09/2024;09/08/2024;362202,43;0;0;0;0;0;0;20120,78
202400000000971;03904395000145;06/09/2024;09/08/2024;13309,79;0;0;0;0;0;0;711,09
202400000000371;11168783000133;01/05/2024;12/08/2024;15709,26;0;0;0;0;0;0;890,25
202400000000372;11168783000133;01/05/2024;12/08/2024;9605,80;0;0;0;0;0;0;544,37
202400000000378;11168783000133;01/05/2024;12/08/2024;6929,25;0;0;0;0;0;0;392,68
202400000000373;11168783000133;01/05/2024;12/08/2024;41575,49;0;0;0;0;0;0;2356,11
202400000000779;11718406000120;31/07/2024;12/08/2024;23756,85;0;0;0;0;0;0;1312,23
202400000000890;18169809000107;31/08/2024;12/08/2024;15864,87;0;0;0;0;0;0;876,31
202400000000891;18169809000107;31/08/2024;12/08/2024;19005,03;0;0;0;0;0;0;1049,76
202400000000924;13128780004784;31/08/2024;13/08/2024;9502,75;0;0;0;0;0;0;524,89
202400000000884;49334482000105;31/08/2024;14/08/2024;7521,86;0;0;0;0;0;0;426,27
202400000000887;49410081000197;31/08/2024;14/08/2024;7521,86;0;0;0;0;0;0;426,27
202400000000888;04556274000112;31/08/2024;14/08/2024;7521,86;0;0;0;0;0;0;426,27
202400000000922;00796598000177;31/08/2024;14/08/2024;9502,75;0;0;0;0;0;0;524,89
202400000000906;13128780010083;31/08/2024;16/08/2024;29300,10;0;0;0;0;0;0;1618,42
202400000000905;13128780010083;31/08/2024;16/08/2024;3603,74;0;0;0;0;0;0;199,06
202400000000907;13128780010083;31/08/2024;16/08/2024;4751,37;0;0;0;0;0;0;262,45
202400000000764;15613813000124;31/07/2024;19/08/2024;30087,44;0;0;0;0;0;0;1705,07
202400000000882;15613813000124;31/08/2024;19/08/2024;30087,44;0;0;0;0;0;0;1705,07
202400000000923;13128780004350;31/08/2024;19/08/2024;30972,73;0;0;0;0;0;0;1710,81
202400000000925;13128780009662;31/08/2024;19/08/2024;4751,37;0;0;0;0;0;0;262,45
202400000000926;13128780009662;31/08/2024;19/08/2024;4751,37;0;0;0;0;0;0;262,45
202400000000994;03904395000145;13/09/2024;19/08/2024;72878,60;0;0;0;0;0;0;4034,63
202400000000995;03904395000145;13/09/2024;19/08/2024;13309,79;0;0;0;0;0;0;711,09
202400000000885;34841226000137;31/08/2024;20/08/2024;15043,72;0;0;0;0;0;0;852,54
202400000000927;20654940000101;31/08/2024;20/08/2024;4751,37;0;0;0;0;0;0;262,45
202400000000893;11718406000120;31/08/2024;21/08/2024;4751,37;0;0;0;0;0;0;262,45
202400000000892;11718406000120;31/08/2024;21/08/2024;14254,11;0;0;0;0;0;0;787,34
202400000000894;11718406000120;31/08/2024;21/08/2024;9502,75;0;0;0;0;0;0;524,89
202400000000895;11718406000120;31/08/2024;21/08/2024;19005,48;0;0;0;0;0;0;1049,78
202400000000897;11718406000120;31/08/2024;21/08/2024;71270,56;0;0;0;0;0;0;3936,69
202400000000899;11718406000120;31/08/2024;21/08/2024;21647,64;0;0;0;0;0;0;1195,73
202400000000918;13128780003389;31/08/2024;21/08/2024;66519,18;0;0;0;0;0;0;3674,25
202400000000919;19432705000106;31/08/2024;21/08/2024;9502,75;0;0;0;0;0;0;524,89
202400000000901;11718406000120;31/08/2024;22/08/2024;14431,76;0;0;0;0;0;0;797,15
202400000000910;17901209000129;31/08/2024;22/08/2024;52265,07;0;0;0;0;0;0;2886,91
202400000000913;17901209000129;31/08/2024;22/08/2024;14431,76;0;0;0;0;0;0;797,15
202400000000917;13128780004512;31/08/2024;22/08/2024;7215,88;0;0;0;0;0;0;398,58
202400000000889;34850014000116;31/08/2024;29/08/2024;86187,32;0;0;0;0;0;0;4760,64
202400000000886;08042554000163;31/08/2024;26/08/2024;7521,86;0;0;0;0;0;0;426,27
202400000000998;11527108000153;21/09/2024;29/08/2024;11858;0;0;0;0;0;0;672
202300000001514;13168992000102;29/09/2023;09/08/2024;9928,19;0;0;0;0;0;0;562,64
202300000001515;13168992000102;29/09/2023;09/08/2024;14087,30;0;0;0;0;0;0;798,34
202400000001062;14267717000109;02/10/2024;04/09/2024;363573,20;0;0;0;0;0;0;0
202400000000968;13128855000144;05/09/2024;06/09/2024;270504,15;0;0;0;0;0;0;15329,63
202400000001123;14267717000109;06/10/2024;11/09/2024;440742,61;0;0;0;0;0;0;0
202400000001122;88301155002314;06/10/2024;11/09/2024;21902,93;0;0;0;0;0;0;0
202400000000962;13095039000181;04/09/2024;12/09/2024;15165,97;0;0;0;0;0;0;827,23
202400000001135;14267717000109;11/10/2024;18/09/2024;369589,61;0;0;0;0;0;0;0
202400000001138;14267717000109;16/10/2024;18/09/2024;18932,70;0;0;0;0;0;0;0
202400000000463;14391014000198;12/05/2024;25/09/2024;3087,50;0;0;0;0;0;0;0
202400000001133;14391014000198;10/10/2024;26/09/2024;3325;0;0;0;0;0;0;0
202400000001132;18105959000661;10/10/2024;30/09/2024;22470,44;0;0;0;0;0;0;0
202400000001004;13104740000110;29/09/2024;04/09/2024;39116,75;0;0;0;0;0;0;2160,65
202400000001006;13104740000110;29/09/2024;04/09/2024;18045,86;0;0;0;0;0;0;996,78
202400000001008;13104740000110;29/09/2024;04/09/2024;17892,36;0;0;0;0;0;0;988,30
202400000001007;13104740000110;29/09/2024;06/09/2024;17892,36;0;0;0;0;0;0;988,30
202400000001115;13113626000156;04/10/2024;10/09/2024;26400;0;0;0;0;0;0;1440
202400000000738;13104740000110;28/07/2024;11/09/2024;52868,23;0;0;0;0;0;0;3204,14
202400000000739;13104740000110;28/07/2024;11/09/2024;8811,38;0;0;0;0;0;0;534,02
202400000000740;13104740000110;28/07/2024;11/09/2024;8208,56;0;0;0;0;0;0;497,49
202400000001113;12243697000100;04/10/2024;24/09/2024;79559,40;0;0;0;0;0;0;4339,60
202400000000990;22150907000170;12/09/2024;03/09/2024;234,11;5,07;0;0;0;0;0;0
202400000000992;35434511000104;12/09/2024;11/09/2024;95;2,31;0;0;0;0;0;0
202400000000981;48673620000118;12/09/2024;12/09/2024;104,50;2,57;0;0;0;0;0;0
202400000001153;35434511000104;17/10/2024;25/09/2024;95;0;0;0;0;0;0;0
202400000000985;03963091000159;12/09/2024;27/09/2024;129,76;3,85;0;0;0;0;0;0
202400000001144;09308955000185;17/10/2024;30/09/2024;95;0;0;0;0;0;0;0
202400000001118;13128897000185;04/10/2024;10/09/2024;42500;0;0;0;0;0;0;19824,45
202400000001117;13128897000185;04/10/2024;20/09/2024;87713,26;0;0;0;0;0;0;4970,76
202400000001118;13128897000185;04/10/2024;20/09/2024;307318,97;0;0;0;0;0;0;0
202400000001121;12200168000120;06/10/2024;25/09/2024;96735,54;0;0;0;0;0;0;5276,48
202400000000794;17901209000129;31/07/2024;02/09/2024;7215,88;0;0;0;0;0;0;398,58
202400000000912;17901209000129;31/08/2024;02/09/2024;9502,75;0;0;0;0;0;0;524,89
202400000000914;17901209000129;31/08/2024;02/09/2024;7215,88;0;0;0;0;0;0;398,58
202400000000914;17901209000129;31/08/2024;02/09/2024;9502,75;0;0;0;0;0;0;524,89
202400000000920;13128780004431;31/08/2024;02/09/2024;19005,48;0;0;0;0;0;0;1049,78
202400000000921;13128780004601;31/08/2024;02/09/2024;9502,75;0;0;0;0;0;0;524,89
202400000000896;11718406000120;31/08/2024;03/09/2024;47513,70;0;0;0;0;0;0;2624,46
202400000000898;11718406000120;31/08/2024;03/09/2024;23756,85;0;0;0;0;0;0;1312,23
202400000000900;11718406000120;31/08/2024;03/09/2024;50511,16;0;0;0;0;0;0;2790,03
202400000000902;11718406000120;31/08/2024;03/09/2024;21647,64;0;0;0;0;0;0;1195,73
202400000000903;11718406000120;31/08/2024;03/09/2024;28863,53;0;0;0;0;0;0;1594,30
202400000000974;11718406000120;06/09/2024;03/09/2024;5127,80;0;0;0;0;0;0;283,24
202400000000816;11294402000162;01/08/2024;04/09/2024;181208,15;0;0;0;0;0;0;10269,17
202400000000959;11294402000162;04/09/2024;04/09/2024;14838,39;0;0;0;0;0;0;840,90
202400000000939;11294402000162;01/09/2024;04/09/2024;51525,21;0;0;0;0;0;0;2919,96
202400000000952;11168783000133;01/09/2024;05/09/2024;42296,30;0;0;0;0;0;0;2396,96
202400000000953;11168783000133;01/09/2024;05/09/2024;21513,26;0;0;0;0;0;0;1219,17
202400000000954;11168783000133;01/09/2024;05/09/2024;15262,30;0;0;0;0;0;0;864,92
202400000000943;11168783000133;01/09/2024;05/09/2024;7702,61;0;0;0;0;0;0;436,51
202400000000944;11168783000133;01/09/2024;05/09/2024;74173,37;0;0;0;0;0;0;4203,45
202400000000945;11168783000133;01/09/2024;05/09/2024;23982,62;0;0;0;0;0;0;1359,11
202400000001016;11294402000162;02/10/2024;05/09/2024;10800;0;0;0;0;0;0;840,90
202400000000933;13128780003974;31/08/2024;06/09/2024;3550,32;0;0;0;0;0;0;196,10
202400000001087;13128780003974;02/10/2024;06/09/2024;28853,36;0;0;0;0;0;0;1593,74
202400000001111;13128780003974;03/10/2024;06/09/2024;459,35;0,90;0;0;0;0;0;25,37
202400000001009;13104740000110;29/09/2024;06/09/2024;12704,53;0;0;0;0;0;0;701,75
202400000000911;17901209000129;31/08/2024;09/09/2024;23756,85;0;0;0;0;0;0;1312,23
202400000000915;13128780004512;31/08/2024;09/09/2024;14254,11;0;0;0;0;0;0;787,34
202400000000509;11168783000133;01/06/2024;10/09/2024;15709,26;0;0;0;0;0;0;890,25
202400000000510;11168783000133;01/06/2024;10/09/2024;9605,80;0;0;0;0;0;0;544,37
202400000000630;11168783000133;03/07/2024;10/09/2024;15709,26;0;0;0;0;0;0;890,25
202400000000631;11168783000133;03/07/2024;10/09/2024;9605,80;0;0;0;0;0;0;544,37
202400000000632;11168783000133;03/07/2024;10/09/2024;41575,49;0;0;0;0;0;0;2356,11
202400000000636;11168783000133;03/07/2024;10/09/2024;6929,25;0;0;0;0;0;0;392,68
202400000001124;03904395000145;06/10/2024;10/09/2024;361127,21;0;0;0;0;0;0;20055,61
202400000001125;03904395000145;06/10/2024;10/09/2024;93168,50;0;0;0,40;0;0;0;4977,64
202400000001130;03904395000145;09/10/2024;11/09/2024;72878,60;0;0;0;0;0;0;4034,63
202400000001126;03904395000145;06/10/2024;11/09/2024;13309,79;0;0;0;0;0;0;711,09
202400000001127;03904395000145;06/10/2024;11/09/2024;13309,79;0;0;0;0;0;0;711,09
202400000001128;03904395000145;06/10/2024;11/09/2024;13309,79;0;0;0;0;0;0;711,09
202400000001129;03904395000145;06/10/2024;11/09/2024;13309,79;0;0;0;0;0;0;711,09
202400000000747;11049830000120;31/07/2024;11/09/2024;10436,73;0;0;0;0;0;0;591,46
202400000000880;11049830000120;31/08/2024;11/09/2024;10821,61;0;0;0;0;0;0;613,27
202400000000958;11294402000162;04/09/2024;11/09/2024;26426,84;0;0;0;0;0;0;1497,62
202400000000961;11294402000162;04/09/2024;11/09/2024;359564,25;0;0;0;0;0;0;20376,72
202400000001036;18169809000107;02/10/2024;11/09/2024;36645,79;0;0;0;0;0;0;2024,16
202400000001037;18169809000107;02/10/2024;11/09/2024;6450,23;0;0;0;0;0;0;356,28
202400000000809;13366927000191;31/07/2024;12/09/2024;45188;0;0;0;0;0;0;2496
202400000000810;13366927000191;31/07/2024;12/09/2024;19080,63;0;0;0;0;0;0;1053,94
202400000001029;34841195000114;02/10/2024;13/09/2024;135393,48;0;0;0;0;0;0;7672,83
202400000001067;05050052000196;02/10/2024;13/09/2024;4878,79;0;0;0;0;0;0;269,48
202400000001068;05050052000196;02/10/2024;13/09/2024;891,89;0;0;0;0;0;0;49,26
202400000001106;20654940000101;02/10/2024;16/09/2024;4751,37;0;0;0;0;0;0;262,45
202400000001107;20654940000101;02/10/2024;16/09/2024;441,74;0;0;0;0;0;0;24,40
202400000001028;15613813000124;02/10/2024;16/09/2024;30087,44;0;0;0;0;0;0;1705,07
202400000001089;13128780003389;02/10/2024;17/09/2024;12486,45;0;0;0;0;0;0;689,70
202400000001035;34850014000116;02/10/2024;18/09/2024;86187,32;0;0;0;0;0;0;4760,64
202400000001027;13168992000102;02/10/2024;19/09/2024;37609,30;0;0;0;0;0;0;2131,34
202400000001119;34841195000114;05/10/2024;20/09/2024;8226,16;0;0;0;0;0;0;466,18
202400000001030;49334482000105;02/10/2024;26/09/2024;7521,86;0;0;0;0;0;0;426,27
202400000001038;11718406000120;02/10/2024;26/09/2024;14636,35;0;0;0;0;0;0;808,45
202400000001039;11718406000120;02/10/2024;26/09/2024;2675,67;0;0;0;0;0;0;147,79
202400000001042;11718406000120;02/10/2024;26/09/2024;9757,56;0;0;0;0;0;0;538,97
202400000001040;11718406000120;02/10/2024;26/09/2024;4878,79;0;0;0;0;0;0;269,48
202400000001043;11718406000120;02/10/2024;26/09/2024;1783,78;0;0;0;0;0;0;98,53
202400000001041;11718406000120;02/10/2024;26/09/2024;891,89;0;0;0;0;0;0;49,26
202400000001044;11718406000120;02/10/2024;26/09/2024;19515,13;0;0;0;0;0;0;1077,94
202400000001045;11718406000120;02/10/2024;26/09/2024;3567,55;0;0;0;0;0;0;197,06
202400000001046;11718406000120;02/10/2024;26/09/2024;48787,83;0;0;0;0;0;0;2694,84
202400000001047;11718406000120;02/10/2024;26/09/2024;8918,90;0;0;0;0;0;0;492,64
202400000001048;11718406000120;02/10/2024;26/09/2024;73181,75;0;0;0;0;0;0;4042,26
202400000001049;11718406000120;02/10/2024;26/09/2024;13378,34;0;0;0;0;0;0;738,96
202400000001052;11718406000120;02/10/2024;26/09/2024;22119,25;0;0;0;0;0;0;1221,78
202400000001054;11718406000120;02/10/2024;26/09/2024;51611,58;0;0;0;0;0;0;2850,81
202400000001056;11718406000120;02/10/2024;26/09/2024;14746,16;0;0;0;0;0;0;814,52
202400000001058;11718406000120;02/10/2024;26/09/2024;22119,25;0;0;0;0;0;0;1221,78
202400000001060;11718406000120;02/10/2024;26/09/2024;29492,33;0;0;0;0;0;0;1629,04
202400000000820;11168783000133;01/08/2024;30/09/2024;15262,30;0;0;0;0;0;0;864,92
202400000000821;11168783000133;01/08/2024;30/09/2024;9011,33;0;0;0;0;0;0;510,68
202400000000758;11168783000133;31/07/2024;30/09/2024;41575,49;0;0;0;0;0;0;2356,11
202400000000762;11168783000133;31/07/2024;30/09/2024;6929,25;0;0;0;0;0;0;392,68
202400000000946;11168783000133;01/09/2024;30/09/2024;7702,61;0;0;0;0;0;0;436,51
202400000001137;11527108000153;16/10/2024;23/09/2024;11858;0;0;0;0;0;0;672
202400000001136;01679569000198;13/10/2024;01/10/2024;2599,20;0;0;0;0;0;0;0
202400000001164;88301155002314;24/10/2024;02/10/2024;58589,73;0;0;0;0;0;0;0
202400000000188;13117320000178;07/03/2024;04/10/2024;20229,98;0;0;0;0;0;0;693,81
202400000001257;14267717000109;02/11/2024;04/10/2024;315628,68;0;0;0;0;0;0;0
202400000001191;14267717000109;31/10/2024;09/10/2024;16164,86;0;0;0;0;0;0;0
202400000001131;13128855000144;09/10/2024;10/10/2024;249915,50;0;0;0;0;0;0;14162,86
202400000001251;13113626000156;31/10/2024;10/10/2024;26400;0;0;0;0;0;0;1440
202400000001267;14267717000109;09/11/2024;11/10/2024;751515,05;0;0;22219,54;0;0;0;0
202400000001256;14391014000198;02/11/2024;16/10/2024;2850;0;0;0;0;0;0;0
202400000001291;14267717000109;14/11/2024;18/10/2024;145715,53;0;0;0;0;0;0;0
202400000001192;18105959000661;31/10/2024;21/10/2024;595,65;0;0;0;0;0;0;0
202400000001299;14267717000109;16/11/2024;23/10/2024;51051,69;0;0;0;0;0;0;0
202400000001322;14267717000109;21/11/2024;23/10/2024;451988,46;0;0;0;0;0;0;0
202400000001193;12243697000100;31/10/2024;24/10/2024;81108,18;0;0;0;0;0;0;4424,08
202400000001266;01679569000198;08/11/2024;25/10/2024;2599,20;0;0;0;0;0;0;0
202400000001299;14267717000109;16/11/2024;25/10/2024;22218,93;0,31;0;0;0;0;0;0
202400000001324;06191223000240;22/11/2024;28/10/2024;50790,86;0;0;0;0;0;0;0
202400000001292;18105959000661;14/11/2024;31/10/2024;14736,20;0;0;0;0;0;0;0
202400000001300;18105959000661;17/11/2024;31/10/2024;901,60;0;0;0;0;0;0;0
202400000001168;13104740000110;30/10/2024;03/10/2024;37416,03;0;0;0;0;0;0;2066,71
202400000001170;13104740000110;30/10/2024;03/10/2024;17261,26;0;0;0;0;0;0;953,44
202400000001171;13104740000110;30/10/2024;04/10/2024;17114,43;0;0;0;0;0;0;945,33
202400000001173;13104740000110;30/10/2024;04/10/2024;12152,17;0;0;0;0;0;0;671,24
202400000001172;13104740000110;30/10/2024;07/10/2024;17114,43;0;0;0;0;0;0;945,33
202400000000869;13104740000110;30/08/2024;10/10/2024;52868,23;0;0;0;0;0;0;3204,14
202400000000870;13104740000110;30/08/2024;10/10/2024;8811,38;0;0;0;0;0;0;534,02
202400000000871;13104740000110;30/08/2024;10/10/2024;8208,56;0;0;0;0;0;0;497,49
202400000001114;13095039000181;04/10/2024;10/10/2024;15165,97;0;0;0;0;0;0;827,23
202400000000996;13366927000191;18/09/2024;15/10/2024;2032,63;0;0;0;0;0;0;112,27
202400000001148;04538231000104;17/10/2024;01/10/2024;95;0;0;0;0;0;0;0
202400000001139;03926703000133;17/10/2024;02/10/2024;290,76;0;0;0;0;0;0;0
202400000001149;09623431000189;17/10/2024;02/10/2024;218,62;0;0;0;0;0;0;0
202400000001150;32062768000186;17/10/2024;02/10/2024;95;0;0;0;0;0;0;0
202400000001158;04563500000192;17/10/2024;02/10/2024;255,55;0;0;0;0;0;0;0
202400000001157;02877346000106;17/10/2024;02/10/2024;287,83;0;0;0;0;0;0;0
202400000001140;07821600000160;17/10/2024;03/10/2024;228,74;0;0;0;0;0;0;0
202400000001141;11824146000178;17/10/2024;03/10/2024;238,24;0;0;0;0;0;0;0
202400000001142;12215304000155;17/10/2024;03/10/2024;180,46;0;0;0;0;0;0;0
202400000001146;18586862000103;17/10/2024;03/10/2024;148,02;0;0;0;0;0;0;0
202400000001151;22150907000170;17/10/2024;03/10/2024;319,91;0;0;0;0;0;0;0
202400000001156;15110859000120;17/10/2024;03/10/2024;406,13;0;0;5,71;0;0;0;0
202400000001147;12612456000191;17/10/2024;04/10/2024;102,60;0;0;0;0;0;0;0
202400000001143;10250158000254;17/10/2024;07/10/2024;95;1,96;0;0;0;0;0;0
202400000001305;48673620000118;20/11/2024;23/10/2024;122,70;0;0;0;0;0;0;0
202400000001152;40983088000123;17/10/2024;31/10/2024;95;2,78;0;0;0;0;0;0
202400000001254;12200168000120;02/11/2024;11/10/2024;90412,57;0;0;0;0;0;0;4931,59
202400000001031;34841226000137;02/10/2024;01/10/2024;15043,72;0;0;0;0;0;0;852,54
202400000001033;49410081000197;02/10/2024;01/10/2024;7521,86;0;0;0;0;0;0;426,27
202400000001090;19432705000106;02/10/2024;01/10/2024;9757,56;0;0;0;0;0;0;538,97
202400000001091;19432705000106;02/10/2024;01/10/2024;1783,78;0;0;0;0;0;0;98,53
202400000001094;13128780004601;02/10/2024;01/10/2024;9757,56;0;0;0;0;0;0;538,97
202400000001095;13128780004601;02/10/2024;01/10/2024;1783,78;0;0;0;0;0;0;98,53
202400000001100;13128780004784;02/10/2024;01/10/2024;9757,56;0;0;0;0;0;0;538,97
202400000001101;13128780004784;02/10/2024;01/10/2024;1783,78;0;0;0;0;0;0;98,53
202400000001102;13128780009662;02/10/2024;01/10/2024;4751,37;0;0;0;0;0;0;262,45
202400000001103;13128780009662;02/10/2024;01/10/2024;1019,30;0;0;0;0;0;0;56,30
202400000001104;13128780009662;02/10/2024;01/10/2024;4751,37;0;0;0;0;0;0;262,45
202400000001105;13128780009662;02/10/2024;01/10/2024;1019,30;0;0;0;0;0;0;56,30
202400000001011;11294402000162;02/10/2024;02/10/2024;51525,21;0;0;0;0;0;0;2919,96
202400000001014;11294402000162;02/10/2024;02/10/2024;26426,84;0;0;0;0;0;0;1497,62
202400000001019;11168783000133;02/10/2024;02/10/2024;10800;0;0;0;0;0;0;864,92
202400000001159;11718406000120;23/10/2024;02/10/2024;3301,24;0;0;0;0;0;0;182,10
202400000001160;11718406000120;23/10/2024;02/10/2024;7702,89;0;0;0;0;0;0;424,89
202400000001161;11718406000120;23/10/2024;02/10/2024;2200,83;0;0;0;0;0;0;121,40
202400000001162;11718406000120;23/10/2024;02/10/2024;3301,24;0;0;0;0;0;0;182,10
202400000001163;11718406000120;23/10/2024;02/10/2024;4401,66;0;0;0;0;0;0;243,13
202400000001063;13128780010083;02/10/2024;02/10/2024;34151,48;0;0;0;0;0;0;1886,39
202400000001064;13128780010083;02/10/2024;02/10/2024;6243,23;0;0;0;0;0;0;344,85
202400000001065;13128780010083;02/10/2024;02/10/2024;4878,79;0;0;0;0;0;0;269,48
202400000001066;13128780010083;02/10/2024;02/10/2024;891,89;0;0;0;0;0;0;49,26
202400000001088;13128780003389;02/10/2024;02/10/2024;68302,96;0;0;0;0;0;0;3772,78
202400000001096;00796598000177;02/10/2024;02/10/2024;9757,56;0;0;0;0;0;0;538,97
202400000001016;11294402000162;02/10/2024;02/10/2024;4038,39;0;0;0;0;0;0;0
202400000001134;11718406000120;11/10/2024;02/10/2024;4561,89;0;0;0;0;0;0;251,98
202400000001032;08042554000163;02/10/2024;03/10/2024;7521,86;0;0;0;0;0;0;426,27
202400000001072;17901209000129;02/10/2024;04/10/2024;9810,78;0;0;0;0;0;0;541,91
202400000001080;17901209000129;02/10/2024;04/10/2024;1098,89;0;0;0;0;0;0;60,70
202400000001073;17901209000129;02/10/2024;07/10/2024;24393,92;0;0;0;0;0;0;1347,42
202400000001071;17901209000129;02/10/2024;09/10/2024;53666,62;0;0;0;0;0;0;2964,32
202400000001074;17901209000129;02/10/2024;09/10/2024;4459,44;0;0;0;0;0;0;246,32
202400000001075;17901209000129;02/10/2024;09/10/2024;9757,56;0;0;0;0;0;0;538,97
202400000001076;17901209000129;02/10/2024;09/10/2024;1783,78;0;0;0;0;0;0;98,53
202400000001078;17901209000129;02/10/2024;09/10/2024;2197,78;0;0;0;0;0;0;121,40
202400000001081;13128780004512;02/10/2024;09/10/2024;14636,35;0;0;0;0;0;0;808,45
202400000001082;13128780004512;02/10/2024;09/10/2024;2675,67;0;0;0;0;0;0;147,79
202400000001083;13128780004512;02/10/2024;09/10/2024;9757,56;0;0;0;0;0;0;538,97
202400000001084;13128780004512;02/10/2024;09/10/2024;1783,78;0;0;0;0;0;0;98,53
202400000001085;13128780004512;02/10/2024;09/10/2024;7373,08;0;0;0;0;0;0;407,26
202400000001086;13128780004512;02/10/2024;09/10/2024;1098,89;0;0;0;0;0;0;60,70
202400000001227;05050052000196;31/10/2024;09/10/2024;4878,79;0;0;0;0;0;0;269,48
202400000000929;13366927000191;31/08/2024;10/10/2024;1603,61;0;0;0;0;0;0;88,58
202400000000928;13366927000191;31/08/2024;10/10/2024;45381,96;0;0;0;0;0;0;2506,71
202400000000930;13366927000191;31/08/2024;10/10/2024;12298,87;0;0;0;0;0;0;679,34
202400000000931;13366927000191;31/08/2024;10/10/2024;7309,20;0;0;0;0;0;0;403,73
202400000001010;11049830000120;02/10/2024;10/10/2024;10821,61;0;0;0;0;0;0;613,27
202400000001211;18169809000107;31/10/2024;10/10/2024;36645,79;0;0;0;0;0;0;2024,16
202400000001273;49334482000105;09/11/2024;10/10/2024;7521,86;0;0;0;0;0;0;426,27
202400000001017;11168783000133;02/10/2024;11/10/2024;42296,30;0;0;0;0;0;0;2396,96
202400000001018;11168783000133;02/10/2024;11/10/2024;21513,26;0;0;0;0;0;0;1219,17
202400000001050;11718406000120;02/10/2024;11/10/2024;24393,92;0;0;0;0;0;0;1347,42
202400000001092;13128780004431;02/10/2024;11/10/2024;19515,13;0;0;0;0;0;0;1077,94
202400000001093;13128780004431;02/10/2024;11/10/2024;3567,55;0;0;0;0;0;0;197,06
202400000001019;11168783000133;02/10/2024;11/10/2024;4462,30;0;0;0;0;0;0;0
202400000001260;03904395000145;06/11/2024;11/10/2024;13309,79;0;0;0;0;0;0;711,09
202400000001259;03904395000145;06/11/2024;11/10/2024;13309,79;0;0;0;0;0;0;711,09
202400000001280;03904395000145;10/11/2024;11/10/2024;72878,60;0;0;0;0;0;0;4034,63
202400000001284;03904395000145;10/11/2024;11/10/2024;13309,79;0;0;0;0;0;0;711,09
202400000001285;03904395000145;10/11/2024;11/10/2024;204478,05;0;0;0;0;0;0;11039,54
202400000001279;03904395000145;10/11/2024;11/10/2024;93168,50;0;0;0;0;0;0;4977,64
202400000001261;03904395000145;06/11/2024;15/10/2024;13309,79;0;0;0;0;0;0;711,09
202400000001237;13128780003389;31/10/2024;15/10/2024;68302,96;0;0;0;0;0;0;3772,78
202400000001272;34841195000114;09/11/2024;17/10/2024;135393,48;0;0;0;0;0;0;7672,83
202400000001270;13168992000102;09/11/2024;17/10/2024;37609,30;0;0;0;0;0;0;2131,34
202400000001246;20654940000101;31/10/2024;21/10/2024;4878,79;0;0;0;0;0;0;269,48
202400000001255;34841195000114;02/11/2024;21/10/2024;19645,50;0;0;0;0;0;0;1113,32
202400000001271;15613813000124;09/11/2024;23/10/2024;30087,44;0;0;0;0;0;0;1705,07
202400000001034;04556274000112;02/10/2024;24/10/2024;7521,86;0;0;0;0;0;0;426,27
202400000001051;11718406000120;02/10/2024;24/10/2024;4459,44;0;0;0;0;0;0;246,32
202400000001277;04556274000112;09/11/2024;25/10/2024;7521,86;0;0;0;0;0;0;426,27
202400000001275;08042554000163;09/11/2024;25/10/2024;7521,86;0;0;0;0;0;0;426,27
202400000001276;49410081000197;09/11/2024;25/10/2024;7521,86;0;0;0;0;0;0;426,27
202400000001097;00796598000177;02/10/2024;30/10/2024;1783,78;0;0;0;0;0;0;98,53
202400000001226;13128780010083;31/10/2024;30/10/2024;4878,79;0;0;0;0;0;0;269,48
202400000001252;13128780010083;01/11/2024;30/10/2024;34151,48;0;0;0;0;0;0;1886,39
202400000001229;17901209000129;31/10/2024;30/10/2024;53666,62;0;0;0;0;0;0;2964,32
202400000001233;17901209000129;31/10/2024;30/10/2024;7373,08;0;0;0;0;0;0;407,26
202400000001238;19432705000106;31/10/2024;30/10/2024;9757,56;0;0;0;0;0;0;538,97
202400000001241;00796598000177;31/10/2024;30/10/2024;9757,56;0;0;0;0;0;0;538,97
202400000001243;13128780004784;31/10/2024;30/10/2024;9757,56;0;0;0;0;0;0;538,97
202400000001244;13128780009662;31/10/2024;30/10/2024;4878,79;0;0;0;0;0;0;269,48
202400000001098;13128780004350;02/10/2024;31/10/2024;31767;0;0;0;0;0;0;1754,68
202400000001099;13128780004350;02/10/2024;31/10/2024;5558,34;0;0;0;0;0;0;307,02
202400000001224;13128780003974;31/10/2024;31/10/2024;24393,92;0;0;0;0;0;0;1347,42
202400000001240;13128780004601;31/10/2024;31/10/2024;9757,56;0;0;0;0;0;0;538,97
202400000001242;13128780004350;31/10/2024;31/10/2024;31767;0;0;0;0;0;0;1754,68
202400000000815;11294402000162;01/08/2024;02/10/2024;64813,13;0;0;0;0;0;0;3673
202400000000960;11294402000162;04/09/2024;02/10/2024;181208,15;0;0;0;0;0;0;10269,17
202400000001013;11294402000162;02/10/2024;10/10/2024;64813,13;0;0;0;0;0;0;3673
202400000000950;11294402000162;01/09/2024;10/10/2024;64813,13;0;0;0;0;0;0;3673
202400000001012;11294402000162;02/10/2024;10/10/2024;359564,25;0;0;0;0;0;0;20376,72
202400000001321;11527108000153;21/11/2024;22/10/2024;11858;0;0;0;0;0;0;672
202400000000976;13366927000191;08/09/2024;10/10/2024;10555,01;0;0;0;0;0;0;583,02
202400000001000;13366927000191;26/09/2024;15/10/2024;3889,38;0;0;0;0;0;0;214,83
202400000001325;61156501010038;23/11/2024;05/11/2024;7671,43;0;0;0;0;0;0;0
202400000001326;61156501010038;23/11/2024;05/11/2024;4795,05;0;0;0;0;0;0;0
202400000001327;61156501010038;23/11/2024;05/11/2024;6231,62;0;0;0;0;0;0;0
202400000001328;61156501010038;23/11/2024;05/11/2024;46041,25;0;0;0;0;0;0;0
202400000001329;61156501010038;23/11/2024;05/11/2024;49372,47;0;0;0;0;0;0;0
202400000001374;14267717000109;01/12/2024;06/11/2024;58969,32;0;0;0;0;0;0;0
202400000001438;14267717000109;13/12/2024;07/11/2024;250000;0;0;0;0;0;0;0
202400000001262;13128855000144;06/11/2024;08/11/2024;223732,09;0;0;0;0;0;0;12679,03
202400000001263;92660604016852;06/11/2024;08/11/2024;23750;0;0;0;0;0;0;0
202400000001264;92660604016852;06/11/2024;08/11/2024;2845,62;0;0;0;0;0;0;0
202400000001265;92660604016852;06/11/2024;08/11/2024;11143,02;0;0;0;0;0;0;0
202400000001323;18105959000661;22/11/2024;12/11/2024;235075,08;0;0;0;0;0;0;0
202400000001375;18105959000661;01/12/2024;13/11/2024;595,65;0;0;0;0;0;0;0
202400000001438;14267717000109;13/12/2024;13/11/2024;483230,45;0;0;0;0;0;0;0
202400000001286;92660604016852;13/11/2024;14/11/2024;23750;0;0;0;0;0;0;0
202400000001287;92660604016852;13/11/2024;14/11/2024;23750;0;0;0;0;0;0;0
202400000001288;92660604016852;13/11/2024;14/11/2024;23750;0;0;0;0;0;0;0
202400000001289;92660604016852;13/11/2024;14/11/2024;23750;0;0;0;0;0;0;0
202400000001290;92660604016852;13/11/2024;14/11/2024;4727,72;0;0;0;0;0;0;0
202400000001293;92660604016852;14/11/2024;14/11/2024;23750;0;0;0;0;0;0;0
202400000001294;92660604016852;14/11/2024;14/11/2024;23750;0;0;0;0;0;0;0
202400000001295;92660604016852;14/11/2024;14/11/2024;17479,36;0;0;0;0;0;0;0
202400000001297;92660604016852;15/11/2024;22/11/2024;2046,44;0;0;0;0;0;0;0
202400000001298;92660604016852;15/11/2024;22/11/2024;23750;0;0;0;0;0;0;0
202400000001432;92660604016852;08/12/2024;22/11/2024;23750;0;0;0;0;0;0;0
202400000001467;14267717000109;19/12/2024;27/11/2024;38389,50;0;0;0;0;0;0;0
202400000001481;14267717000109;25/12/2024;27/11/2024;69201,96;0;0;0;0;0;0;0
202400000001482;14267717000109;25/12/2024;27/11/2024;370616,35;0;0;0;0;0;0;0
202400000001445;14391014000198;14/12/2024;28/11/2024;3087,50;0;0;0;0;0;0;0
202400000001332;92660604016852;27/11/2024;29/11/2024;23750;0;0;0;0;0;0;0
202400000001333;92660604016852;27/11/2024;29/11/2024;4865,34;0;0;0;0;0;0;0
202400000001330;92660604016852;27/11/2024;29/11/2024;23750;0;0;0;0;0;0;0
202400000001331;92660604016852;27/11/2024;29/11/2024;15146,58;0;0;0;0;0;0;0
202400000001334;92660604016852;27/11/2024;29/11/2024;23750;0;0;0;0;0;0;0
202400000001335;92660604016852;27/11/2024;29/11/2024;23750;0;0;0;0;0;0;0
202400000001336;92660604016852;27/11/2024;29/11/2024;6499,84;0;0;0,03;0;0;0;0
202300000001818;13104740000110;01/12/2023;05/11/2024;39116,75;0;0;0;0;0;0;2160,65
202400000001069;17819159000135;02/10/2024;05/11/2024;4878,79;0;0;0;0;0;0;269,48
202400000001070;17819159000135;02/10/2024;05/11/2024;891,89;0;0;0;0;0;0;49,26
202400000001077;17901209000129;02/10/2024;06/11/2024;14746,16;0;0;0;0;0;0;814,52
202400000001212;11718406000120;31/10/2024;06/11/2024;14636,35;0;0;0;0;0;0;808,45
202400000001213;11718406000120;31/10/2024;06/11/2024;4878,79;0;0;0;0;0;0;269,48
202400000001214;11718406000120;31/10/2024;06/11/2024;9757,56;0;0;0;0;0;0;538,97
202400000001216;11718406000120;31/10/2024;06/11/2024;48787,83;0;0;0;0;0;0;2694,84
202400000001215;11718406000120;31/10/2024;06/11/2024;19515,13;0;0;0;0;0;0;1077,94
202400000001217;11718406000120;31/10/2024;06/11/2024;73181,75;0;0;0;0;0;0;4042,26
202400000001219;11718406000120;31/10/2024;06/11/2024;22119,25;0;0;0;0;0;0;1221,78
202400000001220;11718406000120;31/10/2024;06/11/2024;51611,58;0;0;0;0;0;0;2850,81
202400000001221;11718406000120;31/10/2024;06/11/2024;14746,16;0;0;0;0;0;0;814,52
202400000001278;11718406000120;09/11/2024;06/11/2024;3863,03;0;0;0;0;0;0;213,38
202400000001001;13104740000110;29/09/2024;08/11/2024;52868,23;0;0;0;0;0;0;3204,14
202400000001002;13104740000110;29/09/2024;08/11/2024;8811,38;0;0;0;0;0;0;534,02
202400000001003;13104740000110;29/09/2024;08/11/2024;8208,56;0;0;0;0;0;0;497,49
202400000001169;13104740000110;30/10/2024;08/11/2024;25613,33;0;0;0;0;0;0;1414,78
202400000001430;34841195000114;07/12/2024;18/11/2024;9383,98;0;0;0;0;0;0;531,80
202400000001312;12612456000191;20/11/2024;01/11/2024;106,87;0;0;0;0;0;0;0
202400000001145;03963091000159;17/10/2024;01/11/2024;290,05;8,60;0;0;0;0;0;0
202400000001301;03926703000133;20/11/2024;04/11/2024;251,61;0;0;0;0;0;0;0
202400000001311;18586862000103;20/11/2024;04/11/2024;162,27;0;0;0;0;0;0;0
202400000001307;10250158000254;20/11/2024;05/11/2024;95;0;0;0;0;0;0;0
202400000001308;09308955000185;20/11/2024;05/11/2024;95;0;0;0;0;0;0;0
202400000001313;04538231000104;20/11/2024;05/11/2024;95;0;0;0;0;0;0;0
202400000001314;22150907000170;20/11/2024;05/11/2024;353,23;0;0;0;0;0;0;0
202400000001320;04563500000192;20/11/2024;05/11/2024;190;0;0;0;0;0;0;0
202400000001303;07821600000160;20/11/2024;06/11/2024;249,32;0;0;0;0;0;0;0
202400000001304;11824146000178;20/11/2024;06/11/2024;182,05;0;0;0;0;0;0;0
202400000001306;12215304000155;20/11/2024;06/11/2024;170,18;0;0;0;0;0;0;0
202400000001310;00495095000161;20/11/2024;06/11/2024;870,91;0;0;0;0;0;0;0
202400000001315;40983088000123;20/11/2024;06/11/2024;121,90;0;0;0;0;0;0;0
202400000001319;15110859000120;20/11/2024;06/11/2024;292,08;0;0;0;0;0;0;0
202400000001302;13183699000114;20/11/2024;08/11/2024;107,16;2,72;0;0;0;0;0;0
202400000001316;35434511000104;20/11/2024;25/11/2024;95;2,43;0;0;0;0;0;0
202400000000584;13128897000185;07/06/2024;25/11/2024;340839,76;0;0;0;0;0;0;19315,59
202400000001429;13128897000185;07/12/2024;25/11/2024;432128,22;0;0;0;0;0;0;24488,97
202400000001470;12200168000120;21/12/2024;28/11/2024;160893,13;0;0;0;0;0;0;15413,85
202400000001470;12200168000120;21/12/2024;29/11/2024;121694,16;0;0;0;0;0;0;0
202400000001337;12200168000120;27/11/2024;06/11/2024;142585,35;0;0;0;0;0;0;7777,38
202400000001469;12200168000120;21/12/2024;28/11/2024;418892,39;0;0;0;0;0;0;22848,68
202400000001236;13128780004512;31/10/2024;04/11/2024;7373,08;0;0;0;0;0;0;407,26
202400000001222;11718406000120;31/10/2024;06/11/2024;22119,25;0;0;0;0;0;0;1221,78
202400000001223;11718406000120;31/10/2024;06/11/2024;29492,33;0;0;0;0;0;0;1629,04
202400000001231;17901209000129;31/10/2024;06/11/2024;9757,56;0;0;0;0;0;0;538,97
202400000001108;13366927000191;02/10/2024;07/11/2024;48109,05;0;0;0;0;0;0;2657,35
202400000001109;13366927000191;02/10/2024;07/11/2024;19934,19;0;0;0;0;0;0;1101,08
202400000001005;13104740000110;29/09/2024;07/11/2024;26777,59;0;0;0;0;0;0;1479,08
202400000000942;11168783000133;01/09/2024;08/11/2024;46215,65;0;0;0;0;0;0;2619,07
202400000000956;11168783000133;01/09/2024;08/11/2024;9011,33;0;0;0;0;0;0;510,68
202400000001020;11168783000133;02/10/2024;08/11/2024;15262,30;0;0;0;0;0;0;864,92
202400000001021;11168783000133;02/10/2024;08/11/2024;9011,33;0;0;0;0;0;0;510,68
202400000001174;11049830000120;31/10/2024;08/11/2024;10821,61;0;0;0;0;0;0;613,27
202400000001218;11718406000120;31/10/2024;08/11/2024;24393,92;0;0;0;0;0;0;1347,42
202400000001355;05050052000196;30/11/2024;11/11/2024;4878,79;0;0;0;0;0;0;269,48
202400000001378;34841195000114;01/12/2024;12/11/2024;135393,48;0;0;0;0;0;0;7672,83
202400000001419;20654940000101;01/12/2024;13/11/2024;4878,79;0;0;0;0;0;0;269,48
202400000001379;49334482000105;01/12/2024;13/11/2024;7521,86;0;0;0;0;0;0;426,27
202400000001434;03904395000145;08/12/2024;14/11/2024;13309,79;0;0;0;0;0;0;711,09
202400000001443;03904395000145;14/12/2024;14/11/2024;358170,31;0;0;0;0;0;0;19876,40
202400000001444;03904395000145;14/12/2024;14/11/2024;93168,50;0;0;0;0;0;0;4977,64
202400000001435;03904395000145;08/12/2024;18/11/2024;13309,79;0;0;0;0;0;0;711,09
202400000001385;18169809000107;01/12/2024;18/11/2024;36645,79;0;0;0;0;0;0;2024,16
202400000001442;03904395000145;14/12/2024;21/11/2024;13309,79;0;0;0;0;0;0;711,09
202400000001441;03904395000145;14/12/2024;21/11/2024;13309,79;0;0;0;0;0;0;711,09
202400000001247;13366927000191;31/10/2024;22/11/2024;48109,05;0;0;0;0;0;0;2657,35
202400000001248;13366927000191;31/10/2024;22/11/2024;19934,19;0;0;0;0;0;0;1101,08
202400000001274;34841226000137;09/11/2024;22/11/2024;15043,72;0;0;0;0;0;0;852,54
202400000001384;34850014000116;01/12/2024;22/11/2024;86187,32;0;0;0;0;0;0;4760,64
202400000001381;08042554000163;01/12/2024;22/11/2024;7521,86;0;0;0;0;0;0;426,27
202400000001230;17901209000129;31/10/2024;28/11/2024;24393,92;0;0;0;0;0;0;1347,42
202400000001382;49410081000197;01/12/2024;28/11/2024;7521,86;0;0;0;0;0;0;426,27
202400000001383;04556274000112;01/12/2024;28/11/2024;7521,86;0;0;0;0;0;0;426,27
202400000001388;11718406000120;01/12/2024;28/11/2024;9757,56;0;0;0;0;0;0;538,97
202400000001393;11718406000120;01/12/2024;28/11/2024;22119,25;0;0;0;0;0;0;1221,78
202400000001022;11168783000133;02/10/2024;29/11/2024;46215,65;0;0;0;0;0;0;2619,07
202400000001023;11168783000133;02/10/2024;29/11/2024;7702,61;0;0;0;0;0;0;436,51
202400000001024;11168783000133;02/10/2024;29/11/2024;74173,37;0;0;0;0;0;0;4203,45
202400000001025;11168783000133;02/10/2024;29/11/2024;23982,62;0;0;0;0;0;0;1359,11
202400000001026;11168783000133;02/10/2024;29/11/2024;7702,61;0;0;0;0;0;0;436,51
202400000001232;17901209000129;31/10/2024;29/11/2024;14746,16;0;0;0;0;0;0;814,52
202400000001394;11718406000120;01/12/2024;29/11/2024;51611,58;0;0;0;0;0;0;2850,81
202400000001395;11718406000120;01/12/2024;29/11/2024;14746,16;0;0;0;0;0;0;814,52
202400000001396;11718406000120;01/12/2024;29/11/2024;22119,25;0;0;0;0;0;0;1221,78
202400000001403;17901209000129;01/12/2024;29/11/2024;9757,56;0;0;0;0;0;0;538,97
202400000001468;11527108000153;19/12/2024;21/11/2024;11858;0;0;0;0;0;0;672
202400000001447;01679569000198;14/12/2024;02/12/2024;6935;0;0;0;0;0;0;0
202400000001428;12243697000100;07/12/2024;02/12/2024;75219,31;0;0;0;0;0;0;4102,87
202400000001466;01679569000198;19/12/2024;05/12/2024;2599,20;0;0;0;0;0;0;0
202400000001584;14267717000109;04/01/2025;06/12/2024;80705,42;0;0;0;0;0;0;0
202400000001591;14267717000109;04/01/2025;06/12/2024;206250,77;0;0;0;0;0;0;0
202400000001471;61156501010038;22/12/2024;09/12/2024;33947,01;0;0;0;0;0;0;0
202400000001472;61156501010038;22/12/2024;09/12/2024;12962,71;0;0;0;0;0;0;0
202400000001473;61156501010038;22/12/2024;09/12/2024;25300,20;0;0;0;0;0;0;0
202400000001476;61156501010038;22/12/2024;09/12/2024;25001,58;0;0;0;0;0;0;0
202400000001478;61156501010038;22/12/2024;09/12/2024;5062,45;0;0;0;0;0;0;0
202400000001479;61156501010038;22/12/2024;09/12/2024;9015,53;0;0;0;0;0;0;0
202400000001480;61156501010038;22/12/2024;09/12/2024;6945,78;0;0;0;0;0;0;0
202400000001474;61156501010038;22/12/2024;09/12/2024;50481,07;0;0;0;0;0;0;0
202400000001475;61156501010038;22/12/2024;09/12/2024;10275,86;0;0;0;0;0;0;0
202400000001624;14267717000109;09/01/2025;11/12/2024;44015,58;0;0;0;0;0;0;0
202400000001625;14267717000109;09/01/2025;11/12/2024;108188,88;0;0;0;0;0;0;0
202400000001629;14267717000109;10/01/2025;13/12/2024;11748,80;0;0;0;0;0;0;0
202400000001433;92660604016852;08/12/2024;13/12/2024;6890,60;0;0;0;0;0;0;0
202400000001439;92660604016852;14/12/2024;13/12/2024;23750;0;0;0;0;0;0;0
202400000001630;14267717000109;10/01/2025;13/12/2024;5450,30;0;0;0;0;0;0;0
202400000001582;13113626000156;01/01/2025;16/12/2024;26400;0;0;0;0;0;0;1440
202400000001634;14267717000109;11/01/2025;18/12/2024;390287,75;0;0;0;0;0;0;0
202400000001626;18105959000661;09/01/2025;18/12/2024;22386,87;0;0;0;0;0;0;0
202400000000581;13117320000178;05/06/2024;18/12/2024;38424,88;0;0;0;0;0;0;631,30
202400000000188;13117320000178;07/03/2024;18/12/2024;22000;0;0;0;0;0;0;0
202400000000335;14391014000198;13/04/2024;19/12/2024;3087,50;0;0;0;0;0;0;0
202400000001440;92660604016852;14/12/2024;20/12/2024;2926,50;0;0;0;0;0;0;0
202400000001483;92660604016852;27/12/2024;20/12/2024;23750;0;0;0;0;0;0;0
202400000001639;88301155002314;15/01/2025;23/12/2024;60753,76;0;0;0;0;0;0;0
202400000000301;13117320000178;31/03/2024;26/12/2024;39331,75;0;0;0;0;0;0;646,20
202400000000690;13117320000178;04/07/2024;26/12/2024;38527,39;0;0;0;0;0;0;2101,49
202400000000812;13117320000178;31/07/2024;26/12/2024;37207,24;0;0;0;0;0;0;2029,49
202400000000932;13117320000178;31/08/2024;26/12/2024;38567,93;0;0;0;0;0;0;2103,71
202400000001112;13117320000178;04/10/2024;26/12/2024;39624,50;0;0;0;0;0;0;2161,34
202400000001249;13117320000178;31/10/2024;26/12/2024;39178,92;0;0;0;0;0;0;2137,03
202400000001655;14267717000109;22/01/2025;27/12/2024;188163,65;0;0;0;0;0;0;0
202400000001491;92660604016852;29/12/2024;27/12/2024;23750;0;0;0;0;0;0;0
202400000001484;92660604016852;27/12/2024;27/12/2024;23750;0;0;0;0;0;0;0
202400000001485;92660604016852;27/12/2024;27/12/2024;8293,10;0;0;0;0;0;0;0
202300000000273;13117320000178;03/03/2023;27/12/2024;40885,32;0;0;0;0;0;0;671,72
202300000001686;13117320000178;01/11/2023;27/12/2024;41201,57;0;0;0;0;0;0;676,92
202200000001692;13117320000178;01/12/2022;27/12/2024;13134,74;0;0;0;0;0;0;0
202400000001250;13095039000181;31/10/2024;27/12/2024;15165,97;0;0;0;0;0;0;827,23
202400000001422;13117320000178;04/12/2024;27/12/2024;38250,20;0;0;0;0;0;0;2086,38
202400000001701;13128897000185;29/01/2025;30/12/2024;290293,90;0;0;0;0;0;0;16451,13
202400000001656;10962697000801;23/01/2025;30/12/2024;84361,29;0;0;0;0;0;0;0
202400000001627;13117320000178;09/01/2025;30/12/2024;37241,78;0;0;0;0;0;0;2031,37
202400000001464;15110859000120;18/12/2024;02/12/2024;446,05;0;0;0;0;0;0;0
202400000001449;13183699000114;18/12/2024;03/12/2024;117,15;0;0;0;0;0;0;0
202400000001450;07821600000160;18/12/2024;03/12/2024;227,94;0;0;0;0;0;0;0
202400000001454;09308955000185;18/12/2024;03/12/2024;95;0;0;0;0;0;0;0
202400000001458;12612456000191;18/12/2024;03/12/2024;114;0;0;0;0;0;0;0
202400000001459;04538231000104;18/12/2024;03/12/2024;95;0;0;0;0;0;0;0
202400000001460;32062768000186;18/12/2024;03/12/2024;95;0;0;0;0;0;0;0
202400000001465;20947234000158;18/12/2024;03/12/2024;185,11;0;0;0;0;0;0;0
202400000001448;03926703000133;18/12/2024;04/12/2024;214,12;0;0;0;0;0;0;0
202400000001451;11824146000178;18/12/2024;04/12/2024;104,50;0;0;0;0;0;0;0
202400000001452;12215304000155;18/12/2024;04/12/2024;159,89;0;0;0;0;0;0;0
202400000001453;10250158000254;18/12/2024;04/12/2024;95;0;0;0;0;0;0;0
202400000001456;00495095000161;18/12/2024;04/12/2024;565,25;0;0;0;0;0;0;0
202400000001461;22150907000170;18/12/2024;04/12/2024;330,74;0;0;0;0;0;0;0
202400000001457;18586862000103;18/12/2024;06/12/2024;111,62;2,30;0;0;0;0;0;0
202400000001462;40983088000123;18/12/2024;06/12/2024;95;1,96;0;0;0;0;0;0
202400000001463;35434511000104;18/12/2024;13/12/2024;95;2,18;0;0;0;0;0;0
202400000001437;13128855000144;11/12/2024;19/12/2024;239225,15;0;0;0;0;0;0;13557,03
202400000001595;13128855000144;04/01/2025;19/12/2024;231103,06;0;0;0;0;0;0;13096,75
202400000001593;13128897000185;04/01/2025;12/12/2024;437218,49;0;0;0;0;0;0;24777,44
202300000001188;13117320000178;05/07/2023;26/12/2024;40579,65;0;0;0;0;0;0;666,70
202200000000849;13117320000178;09/07/2022;26/12/2024;125402,05;0;0;0;0;0;0;0
202400000000185;13128889000139;07/03/2024;27/12/2024;38802,66;0;0;0;0;0;0;623,84
202400000000303;13128889000139;03/04/2024;27/12/2024;31080,89;0;0;0;0;0;0;499,69
202400000000451;13128889000139;08/05/2024;27/12/2024;36130,14;0;0;0;0;0;0;580,87
202400000000583;13128889000139;07/06/2024;27/12/2024;39494,25;0;0;0;0;0;0;634,96
202400000000694;13128889000139;07/07/2024;27/12/2024;36229,78;0;0;0;0;0;0;1932,25
202400000000969;13128889000139;05/09/2024;27/12/2024;40720,48;0;0;0;0;0;0;2171,76
202400000001120;13128889000139;06/10/2024;27/12/2024;39764,17;0;0;0;0;0;0;2120,76
202400000001258;13128889000139;06/11/2024;27/12/2024;38345,12;0;0;0;0;0;0;2045,07
202300000000504;13128889000139;05/04/2023;27/12/2024;36761,14;0;0;0;0;0;0;591,02
202300000000505;13128889000139;05/04/2023;27/12/2024;27389,15;0;0;0;0;0;0;440,34
202300000000742;13128889000139;05/05/2023;27/12/2024;34823,61;0;0;0;0;0;0;559,87
202300000000982;13128889000139;03/06/2023;27/12/2024;30611,96;0;0;0;0;0;0;492,15
202300000001319;13128889000139;04/08/2023;27/12/2024;32036,88;0;0;0;0;0;0;515,06
202400000000067;13128889000139;09/02/2024;27/12/2024;33304,60;0;0;0;0;0;0;535,44
202300000001990;13128889000139;04/01/2024;27/12/2024;36966,56;0;0;0;0;0;0;594,32
202300000001991;13128889000139;04/01/2024;27/12/2024;32898,62;0;0;0;0;0;0;528,92
202400000001234;13128780004512;31/10/2024;03/12/2024;14636,35;0;0;0;0;0;0;808,45
202400000001235;13128780004512;31/10/2024;03/12/2024;9757,56;0;0;0;0;0;0;538,97
202400000001411;19432705000106;01/12/2024;03/12/2024;9757,56;0;0;0;0;0;0;538,97
202400000001405;17901209000129;01/12/2024;03/12/2024;7373,08;0;0;0;0;0;0;407,26
202400000001496;05050052000196;29/12/2024;03/12/2024;4878,79;0;0;0;0;0;0;269,48
202400000001351;13104740000110;30/11/2024;04/12/2024;18045,86;0;0;0;0;0;0;996,78
202400000001353;13104740000110;30/11/2024;04/12/2024;17892,36;0;0;0;0;0;0;988,30
202400000001380;34841226000137;01/12/2024;05/12/2024;15043,72;0;0;0;0;0;0;852,54
202400000001352;13104740000110;30/11/2024;05/12/2024;17892,36;0;0;0;0;0;0;988,30
202400000001228;17819159000135;31/10/2024;06/12/2024;4878,79;0;0;0;0;0;0;269,48
202400000001387;11718406000120;01/12/2024;06/12/2024;4878,79;0;0;0;0;0;0;269,48
202400000001578;20654940000101;01/01/2025;06/12/2024;4878,79;0;0;0;0;0;0;269,48
202400000001537;49410081000197;01/01/2025;09/12/2024;7903,33;0;0;0;0;0;0;447,89
202400000001539;49410081000197;01/01/2025;09/12/2024;596,87;0;0;0;0;0;0;33,83
202400000001524;13168992000102;01/01/2025;09/12/2024;39516,66;0;0;0;0;0;0;2239,43
202400000001386;11718406000120;01/12/2024;10/12/2024;14636,35;0;0;0;0;0;0;808,45
202400000001611;03904395000145;05/01/2025;10/12/2024;93168,50;0;0;0;0;0;0;4977,64
202400000001612;03904395000145;05/01/2025;10/12/2024;13309,79;0;0;0;0;0;0;711,09
202400000001613;03904395000145;05/01/2025;10/12/2024;13309,79;0;0;0;0;0;0;711,09
202400000001540;04556274000112;01/01/2025;10/12/2024;7903,33;0;0;0;0;0;0;447,89
202400000001542;04556274000112;01/01/2025;10/12/2024;596,87;0;0;0;0;0;0;33,83
202400000001530;34841195000114;01/01/2025;10/12/2024;142259,97;0;0;0;0;0;0;8061,96
202400000001500;13104740000110;29/12/2024;10/12/2024;34014,57;0;0;0;0;0;0;1878,83
202400000001502;13104740000110;29/12/2024;10/12/2024;15692,06;0;0;0;0;0;0;866,76
202400000001503;13104740000110;29/12/2024;10/12/2024;15558,58;0;0;0;0;0;0;859,39
202400000001505;13104740000110;29/12/2024;10/12/2024;11047,43;0;0;0;0;0;0;610,21
202400000001487;49334482000105;28/12/2024;10/12/2024;7903,33;0;0;0;0;0;0;447,89
202400000001427;13128780003974;05/12/2024;11/12/2024;124,11;0;0;0;0;0;0;6,86
202400000001398;13128780003974;01/12/2024;11/12/2024;24393,92;0;0;0;0;0;0;1347,42
202400000001614;03904395000145;08/01/2025;11/12/2024;358170,31;0;0;0;0;0;0;19876,40
202400000001504;13104740000110;29/12/2024;11/12/2024;15558,58;0;0;0;0;0;0;859,39
202400000001544;18169809000107;01/01/2025;11/12/2024;36645,79;0;0;0;0;0;0;2024,16
202400000001239;13128780004431;31/10/2024;12/12/2024;19515,13;0;0;0;0;0;0;1077,94
202400000001543;34850014000116;01/01/2025;13/12/2024;86187,32;0;0;0;0;0;0;4760,64
202400000001650;03904395000145;19/01/2025;16/12/2024;13309,79;0;0;0;0;0;0;711,09
202400000001373;11049830000120;01/12/2024;17/12/2024;5410,81;0;0;0;0;0;0;306,63
202400000001372;11049830000120;01/12/2024;17/12/2024;5410,81;0;0;0;0;0;0;306,63
202400000001506;11049830000120;01/01/2025;17/12/2024;5410,81;0;0;0;0;0;0;306,63
202400000001507;11049830000120;01/01/2025;17/12/2024;5410,81;0;0;0;0;0;0;306,63
202400000001635;03904395000145;12/01/2025;17/12/2024;13309,79;0;0;0;0;0;0;711,09
202400000001536;08042554000163;01/01/2025;17/12/2024;7903,33;0;0;0;0;0;0;447,89
202400000001545;11718406000120;01/01/2025;17/12/2024;14636,35;0;0;0;0;0;0;808,45
202400000001546;11718406000120;01/01/2025;17/12/2024;4878,79;0;0;0;0;0;0;269,48
202400000001547;11718406000120;01/01/2025;17/12/2024;9757,56;0;0;0;0;0;0;538,97
202400000001552;11718406000120;01/01/2025;17/12/2024;22119,25;0;0;0;0;0;0;1221,78
202400000001550;11718406000120;01/01/2025;17/12/2024;73181,75;0;0;0;0;0;0;4042,26
202400000001553;11718406000120;01/01/2025;17/12/2024;51611,58;0;0;0;0;0;0;2850,81
202400000001556;11718406000120;01/01/2025;17/12/2024;29492,33;0;0;0;0;0;0;1629,04
202400000001548;11718406000120;01/01/2025;18/12/2024;19515,13;0;0;0;0;0;0;1077,94
202400000001549;11718406000120;01/01/2025;18/12/2024;48787,83;0;0;0;0;0;0;2694,84
202400000001555;11718406000120;01/01/2025;18/12/2024;22119,25;0;0;0;0;0;0;1221,78
202400000001622;13104740000110;08/01/2025;19/12/2024;7779,28;0;0;0;0;0;0;429,70
202400000001601;11718406000120;04/01/2025;19/12/2024;7610,73;0;0;0;0;0;0;420,39
202400000001628;34850014000116;10/01/2025;19/12/2024;28729,11;0;0;0;0;0;0;1586,88
202400000001401;17901209000129;01/12/2024;20/12/2024;53666,62;0;0;0;0;0;0;2964,32
202400000001421;13366927000191;01/12/2024;20/12/2024;19934,19;0;0;0;0;0;0;1101,08
202400000001527;15613813000124;01/01/2025;20/12/2024;31613,33;0;0;0;0;0;0;1791,55
202400000001564;17901209000129;01/01/2025;23/12/2024;7373,08;0;0;0;0;0;0;407,26
202400000001649;03904395000145;19/01/2025;24/12/2024;93168,50;0;0;0;0;0;0;4977,64
202400000001420;13366927000191;01/12/2024;26/12/2024;48109,05;0;0;0;0;0;0;2657,35
202400000001580;13366927000191;01/01/2025;26/12/2024;19934,19;0;0;0;0;0;0;1101,08
202400000001653;03904395000145;22/01/2025;27/12/2024;72878,60;0;0;0;0;0;0;4034,63
202400000001654;03904395000145;22/01/2025;27/12/2024;72878,60;0;0;0;0;0;0;4034,63
202400000001620;13104740000110;08/01/2025;27/12/2024;7846,03;0;0;0;0;0;0;433,38
202400000001618;13104740000110;08/01/2025;27/12/2024;17007,28;0;0;0;0;0;0;939,41
202400000001623;13104740000110;08/01/2025;27/12/2024;5523,71;0;0;0;0;0;0;305,11
202400000001569;13128780003389;01/01/2025;28/12/2024;68302,96;0;0;0;0;0;0;3772,78
202400000001350;13104740000110;30/11/2024;30/12/2024;26777,59;0;0;0;0;0;0;1479,08
202400000001354;13104740000110;30/11/2024;30/12/2024;12704,53;0;0;0;0;0;0;701,75
202400000001579;13366927000191;01/01/2025;30/12/2024;48109,05;0;0;0;0;0;0;2657,35
202400000001501;13104740000110;29/12/2024;30/12/2024;23284,85;0;0;0;0;0;0;1286,16
202400000001619;13104740000110;08/01/2025;30/12/2024;11642,42;0;0;0;0;0;0;643,08
202400000001533;34841226000137;01/01/2025;30/12/2024;15806,66;0;0;0;0;0;0;895,77
202400000001436;11718406000120;11/12/2024;06/12/2024;7203,79;0;0;0;0;0;0;397,91
202400000000229;11049830000120;31/03/2024;17/12/2024;10436,73;0;0;0;0;0;0;591,46
202400000001661;11527108000153;25/01/2025;26/12/2024;11858;0;0;0;0;0;0;672
202300000001190;13128889000139;05/07/2023;27/12/2024;36780,26;0;0;0;0;0;0;591,32
202300000001454;13128889000139;03/09/2023;27/12/2024;36354,54;0;0;0;0;0;0;584,48
202300000001604;13128889000139;11/10/2023;27/12/2024;48350,32;0;0;0;0;0;0;777,34
202300000001674;13128889000139;01/11/2023;27/12/2024;44545,53;0;0;0;0;0;0;716,17
202400000001535;34841226000137;01/01/2025;30/12/2024;1193,76;0;0;0;0;0;0;67,65
202400000001525;13168992000102;01/01/2025;09/12/2024;10539,06;0;0;0;0;0;0;597,25
202400000001526;13168992000102;01/01/2025;09/12/2024;2984,40;0;0;0;0;0;0;169,13
202400000001489;49334482000105;28/12/2024;10/12/2024;2107,81;0;0;0;0;0;0;119,45
202400000001490;49334482000105;28/12/2024;10/12/2024;596,87;0;0;0;0;0;0;33,83
202400000001532;34841195000114;01/01/2025;12/12/2024;10743,86;0;0;0;0;0;0;608,86
202400000001531;34841195000114;01/01/2025;13/12/2024;37940,59;0;0;0;0;0;0;2150,12
