202200000002027;32718835000178;08/01/2023;03/01/2024;4528,25;90,57;0;0;0;0;0;0
202300000001455;04517241000244;03/09/2023;08/01/2024;7847;0;0;0;0;0;0;0
202300000001456;04517241000244;03/09/2023;08/01/2024;2864,25;0;0;0;0;0;0;0
202300000001456;04517241000244;03/09/2023;11/01/2024;0;0;0;0;0;0;0;0
202300000001471;04517241000244;06/09/2023;08/01/2024;6063,50;0;0;0;0;0;0;0
202300000001474;04517241000244;07/09/2023;08/01/2024;4427;0;0;0;0;0;0;0
202300000001631;04517241000244;13/10/2023;11/01/2024;3753,25;0;0;0;0;0;0;0
202300000000359;03402488000171;09/03/2023;16/01/2024;456;0;0;0;0;0;0;0
202200000000664;32718835000178;08/06/2022;16/01/2024;4179,93;83,60;0;0;0;0;0;0
202300000000142;32718835000178;11/02/2023;31/01/2024;4702,41;94,05;0;0;0;0;0;0
202400000000076;80464753000197;14/02/2024;31/01/2024;649,66;0;0;0;0;0;0;0
202300000002030;09623431000189;13/01/2024;03/01/2024;191,61;0;0;0;0;0;0;0
202300000002035;15110859000120;13/01/2024;03/01/2024;387,75;0;0;0;0;0;0;0
202300000002037;11824146000178;13/01/2024;03/01/2024;165,43;0;0;0;0;0;0;0
202300000002038;02747505000220;13/01/2024;03/01/2024;133;0;0;0;0;0;0;0
202300000002025;00495095000161;13/01/2024;15/01/2024;461,70;0;0;0;0;0;0;0
202400000000090;04538231000104;14/02/2024;26/01/2024;85,50;0;0;0;0;0;0;0
202400000000094;35434511000104;14/02/2024;26/01/2024;95;0;0;0;0;0;0;0
202400000000093;40983088000123;14/02/2024;29/01/2024;97,38;0;0;0;0;0;0;0
202400000000084;36177114000159;14/02/2024;30/01/2024;95;0;0;0;0;0;0;0
202400000000085;09308955000185;14/02/2024;30/01/2024;95;0;0;0;0;0;0;0
202400000000089;12612456000191;14/02/2024;30/01/2024;85,50;0;0;0;0;0;0;0
202400000000079;07821600000160;14/02/2024;31/01/2024;95;0;0;0;0;0;0;0
202400000000082;12215304000155;14/02/2024;31/01/2024;137,73;0;0;0;0;0;0;0
202400000000083;10250158000688;14/02/2024;31/01/2024;95;0;0;0;0;0;0;0
202400000000088;00495095000161;14/02/2024;31/01/2024;338,44;0;0;0;0;0;0;0
202400000000091;32062768000186;14/02/2024;31/01/2024;95;0;0;0;0;0;0;0
202400000000096;15110859000120;14/02/2024;31/01/2024;257,86;0;0;0;0;0;0;0
202400000000098;03926703000133;14/02/2024;31/01/2024;171,64;0;0;0;0;0;0;0
202400000000099;22150907000170;14/02/2024;31/01/2024;219,12;0;0;0;0;0;0;0
202400000000058;13128897000185;04/02/2024;19/01/2024;335645,12;144;0;0;0;0;0;19021,21
202300000002001;13128855000144;10/01/2024;22/01/2024;228698,98;0;0;0;0;0;0;12960,51
202300000001637;13104740000110;29/10/2023;11/01/2024;9178,52;0;0;0;0;0;0;166,88
202300000001636;13104740000110;29/10/2023;11/01/2024;55071,08;0;0;0;0;0;0;1001,29
202300000001638;13104740000110;29/10/2023;11/01/2024;8550,58;0;0;0;0;0;0;155,47
202300000001816;13104740000110;01/12/2023;30/01/2024;8811,38;0;0;0;0;0;0;534,02
202300000001815;13104740000110;01/12/2023;30/01/2024;52868,23;0;0;0;0;0;0;3204,14
202300000001817;13104740000110;01/12/2023;30/01/2024;8208,57;0;0;0;0;0;0;497,48
202300000002046;13104740000110;21/01/2024;12/01/2024;18708,02;0;0;0;0;0;0;1033,35
202300000002047;13104740000110;21/01/2024;30/01/2024;12806,67;0;0;0;0;0;0;707,39
202300000001545;08042554000163;01/10/2023;29/01/2024;7521,87;0;0;0;0;0;0;426,27
202300000001646;08042554000163;01/11/2023;29/01/2024;7521,86;0;0;0;0;0;0;426,27
202300000001689;11294402000162;01/11/2023;15/01/2024;43418,06;0;0;0;0;0;0;2460,53
202300000001690;11294402000162;01/11/2023;15/01/2024;21318,72;0;0;0;0;0;0;1208,14
202300000001692;11294402000162;01/11/2023;15/01/2024;15339,17;0;0;0;0;0;0;869,28
202300000001693;11294402000162;01/11/2023;15/01/2024;9359,62;0;0;0;0;0;0;530,42
202300000001699;11168783000133;01/11/2023;15/01/2024;65940,57;0;0;0;0;0;0;3736,89
202300000001701;11168783000133;01/11/2023;15/01/2024;6929,25;0;0;0;0;0;0;392,68
202300000001759;34841226000137;01/12/2023;16/01/2024;15043,72;0;0;0;0;0;0;852,54
202300000001760;08042554000163;01/12/2023;29/01/2024;7521,86;0;0;0;0;0;0;426,27
202300000001805;11294402000162;01/12/2023;09/01/2024;58488,14;0;0;0;0;0;0;3314,56
202300000001806;11294402000162;01/12/2023;09/01/2024;339318,35;0;0;0;0;0;0;19229,38
202300000001923;49334482000105;31/12/2023;18/01/2024;7521,86;0;0;0;0;0;0;426,27
202300000001924;08042554000163;31/12/2023;29/01/2024;7521,86;0;0;0;0;0;0;426,27
202300000001929;11718406000120;31/12/2023;12/01/2024;14254,11;0;0;0;0;0;0;787,34
202300000001930;11718406000120;31/12/2023;12/01/2024;4751,37;0;0;0;0;0;0;262,45
202300000001931;11718406000120;31/12/2023;12/01/2024;9502,75;0;0;0;0;0;0;524,89
202300000001932;11718406000120;31/12/2023;12/01/2024;19005,48;0;0;0;0;0;0;1049,78
202300000001933;11718406000120;31/12/2023;12/01/2024;47513,70;0;0;0;0;0;0;2624,46
202300000001934;11718406000120;31/12/2023;12/01/2024;71270,56;0;0;0;0;0;0;3936,69
202300000001934;11718406000120;31/12/2023;16/01/2024;71270,56;0;0;0;0;0;0;3936,69
202300000001935;11718406000120;31/12/2023;10/01/2024;23756,74;0;0;0;0;0;0;1312,33
202300000001936;11718406000120;31/12/2023;12/01/2024;21647,64;0;0;0;0;0;0;1195,73
202300000001937;11718406000120;31/12/2023;12/01/2024;50511,16;0;0;0;0;0;0;2790,03
202300000001938;11718406000120;31/12/2023;12/01/2024;14431,76;0;0;0;0;0;0;797,15
202300000001939;11718406000120;31/12/2023;15/01/2024;21647,64;0;0;0;0;0;0;1195,73
202300000001940;11718406000120;31/12/2023;12/01/2024;28861,53;0;0;0;0;0;0;1594,30
202300000001946;17901209000129;31/12/2023;29/01/2024;23756,85;0;0;0;0;0;0;1312,23
202300000001947;17901209000129;31/12/2023;29/01/2024;9502,75;0;0;0;0;0;0;524,89
202300000001949;17901209000129;31/12/2023;18/01/2024;7215,88;0;0;0;0;0;0;398,58
202300000001950;13128780004512;31/12/2023;22/01/2024;14254,11;0;0;0;0;0;0;787,34
202300000001951;13128780004512;31/12/2023;22/01/2024;9502,75;0;0;0;0;0;0;524,89
202300000001965;17901209000129;31/12/2023;12/01/2024;52265,07;0;0;0;0;0;0;2886,90
202300000001966;17819159000135;31/12/2023;12/01/2024;4751,38;0;0;0;0;0;0;262,44
202300000001975;11294402000162;03/01/2024;04/01/2024;58488,14;0;0;0;0;0;0;3314,56
202300000001995;13018171000190;05/01/2024;05/01/2024;48247,92;0;0;0;391,77;1808,17;602,72;2893,07
202300000002009;43061782000181;12/01/2024;04/01/2024;14432;0;0;0;0;0;0;240
202300000002040;13128780003389;19/01/2024;09/01/2024;66519,18;0;0;0;0;0;0;3674,25
202300000002044;11718406000120;19/01/2024;12/01/2024;2802,70;0;0;0;0;0;0;154,81
202300000002054;17901209000129;21/01/2024;29/01/2024;7215,88;0;0;0;0;0;0;398,58
202300000002055;13128780004512;21/01/2024;29/01/2024;9502,75;0;0;0;0;0;0;524,89
202300000002057;13128780004512;21/01/2024;22/01/2024;2886,36;0;0;0;0;0;0;159,43
202300000002060;13018171000190;25/01/2024;05/01/2024;395046,75;0;0;0;3207,75;14805;4935;23688
202300000002061;13128780003974;25/01/2024;16/01/2024;22485,63;0;0;0;177,70;820,14;273,38;1312,23
202300000002062;13128780004601;27/01/2024;17/01/2024;4751,37;0;0;0;0;0;0;262,45
202300000002063;18169809000107;27/01/2024;12/01/2024;33132,73;0;0;0;0;0;0;1831,77
202300000000658;11168783000133;21/04/2023;15/01/2024;24403,59;0;0;0;0;0;0;1393,53
202300000000659;11168783000133;21/04/2023;15/01/2024;4164,63;0;0;0;0;0;0;236,01
202400000000025;34850014000116;01/02/2024;18/01/2024;45966,58;0;0;0;0;0;0;2539,01
202400000000038;13128780010083;01/02/2024;15/01/2024;30271,33;0;0;0;0;0;0;1672,06
202400000000039;13128780010083;01/02/2024;15/01/2024;4324,47;0;0;0;0;0;0;238,87
202400000000040;05050052000196;01/02/2024;19/01/2024;4324,47;0;0;0;0;0;0;238,87
202400000000041;19432705000106;01/02/2024;15/01/2024;9075,85;0;0;0;0;0;0;501,31
202400000000042;13128780004431;01/02/2024;17/01/2024;17297,90;0;0;0;0;0;0;955,46
202400000000043;00796598000177;01/02/2024;19/01/2024;8648,95;0;0;0;0;0;0;477,73
202400000000044;13128780004350;01/02/2024;25/01/2024;30972,73;0;0;0;0;0;0;1710,81
202400000000045;13128780004784;01/02/2024;12/01/2024;8648,95;0;0;0;0;0;0;477,73
202400000000046;13128780009662;01/02/2024;19/01/2024;4324,47;0;0;0;0;0;0;238,87
202400000000047;13128780009662;01/02/2024;19/01/2024;4324,47;0;0;0;0;0;0;238,87
202400000000053;11527108000153;02/02/2024;08/01/2024;11858;0;0;0;0;0;0;672
202400000000056;13128780003974;04/02/2024;16/01/2024;1301,79;0;0;0;0;0;0;71,91
202400000000059;03904395000145;08/02/2024;09/01/2024;358274,55;0;0;0;0;0;0;19882,72
202400000000060;03904395000145;08/02/2024;09/01/2024;13309,79;0;0;0;0;0;0;711,09
202400000000061;03904395000145;08/02/2024;09/01/2024;13309,79;0;0;0;0;0;0;711,09
202400000000062;03904395000145;08/02/2024;10/01/2024;13309,79;0;0;0;0;0;0;711,09
202400000000063;03904395000145;08/02/2024;10/01/2024;13309,79;0;0;0;0;0;0;711,09
202400000000064;03904395000145;08/02/2024;09/01/2024;89240,61;0;0;0;0;0;0;4739,58
202400000000065;03904395000145;08/02/2024;09/01/2024;72878,60;0;0;0;0;0;0;4034,63
202400000000075;01679569000198;14/02/2024;02/02/2024;1231,20;0;0;0;0;0;0;0
202300000000382;32718835000178;10/03/2023;15/02/2024;4702,41;0;0;0;0;0;0;0
202400000000086;28089000000129;14/02/2024;01/02/2024;85,50;0;0;0;0;0;0;0
202400000000095;10741183000150;14/02/2024;01/02/2024;132,19;0;0;0;0;0;0;0
202400000000081;48673620000118;14/02/2024;02/02/2024;95;0;0;0;0;0;0;0
202400000000097;20947234000158;14/02/2024;08/02/2024;238,33;0;0;0;0;0;0;0
202400000000205;36177114000159;17/03/2024;27/02/2024;95;0;0;0;0;0;0;0
202400000000210;12612456000191;17/03/2024;28/02/2024;125,40;0;0;0;0;0;0;0
202400000000218;38460570000137;17/03/2024;29/02/2024;135,74;0;0;0;0;0;0;0
202400000000066;13128855000144;08/02/2024;09/02/2024;247752,08;0;0;0;0;0;0;14040,26
202400000000184;13128897000185;07/03/2024;28/02/2024;332334,47;0;0;0;0;0;0;20647,72
202400000000184;13128897000185;07/03/2024;29/02/2024;32011,78;0;0;0;0;0;0;0
202300000001717;11757681000153;08/11/2023;29/02/2024;3669,11;0;0;0;0;0;0;41,46
202400000000054;12243697000100;03/02/2024;02/02/2024;24752,51;0;0;0;0;0;0;406,67
202300000000385;13106935000107;10/03/2023;09/02/2024;19553,26;0;0;0;0;0;0;321,25
202400000000198;19432705000106;16/03/2024;21/02/2024;3167,58;0;0;0;0;0;0;174,96
202300000002041;13104740000110;19/01/2024;20/02/2024;52868,23;0;0;0;0;0;0;3204,14
202300000002042;13104740000110;19/01/2024;20/02/2024;8811,38;0;0;0;0;0;0;534,02
202300000002043;13104740000110;19/01/2024;20/02/2024;8208,56;0;0;0;0;0;0;497,49
202300000001915;13104740000110;30/12/2023;08/02/2024;52868,23;0;0;0;0;0;0;3204,14
202300000001916;13104740000110;30/12/2023;08/02/2024;8811,38;0;0;0;0;0;0;534,02
202300000001917;13104740000110;30/12/2023;08/02/2024;8208,56;0;0;0;0;0;0;497,49
202400000000049;13366927000191;01/02/2024;23/02/2024;19080,63;0;0;0;0;0;0;1053,94
202400000000053;11527108000153;02/02/2024;02/02/2024;11858;0;0;0;0;0;0;672
202300000002011;13018171000190;13/01/2024;06/02/2024;395046,75;0;0;0;3207,75;14805;4935;23688
202400000000026;11718406000120;01/02/2024;06/02/2024;14254,11;0;0;0;0;0;0;787,34
202400000000027;11718406000120;01/02/2024;06/02/2024;4751,37;0;0;0;0;0;0;262,45
202400000000030;11718406000120;01/02/2024;06/02/2024;47513,70;0;0;0;0;0;0;2624,46
202400000000033;11718406000120;01/02/2024;06/02/2024;21647,64;0;0;0;0;0;0;1195,73
202400000000034;11718406000120;01/02/2024;06/02/2024;50511,16;0;0;0;0;0;0;2790,03
202400000000035;11718406000120;01/02/2024;06/02/2024;14431,76;0;0;0;0;0;0;797,15
202400000000037;11718406000120;01/02/2024;06/02/2024;28863,53;0;0;0;0;0;0;1594,30
202400000000018;15613813000124;01/02/2024;06/02/2024;30087,44;0;0;0;0;0;0;1705,07
202400000000068;13018171000190;09/02/2024;06/02/2024;39976,30;0;0;0;324,60;1498,17;499,39;2397,08
202400000000073;11718406000120;11/02/2024;06/02/2024;6005,09;0;0;0;0;0;0;331,70
202300000002050;17901209000129;21/01/2024;07/02/2024;9502,75;0;0;0;0;0;0;524,89
202400000000036;11718406000120;01/02/2024;07/02/2024;21647,64;0;0;0;0;0;0;1195,73
202400000000106;11294402000162;02/03/2024;07/02/2024;46246,97;0;0;0;0;0;0;2620,84
202400000000107;11294402000162;02/03/2024;07/02/2024;339318,35;0;0;0;0;0;0;19229,38
202400000000179;03904395000145;03/03/2024;07/02/2024;143309,82;0;0;0;0;0;0;7953,09
202400000000170;03904395000145;03/03/2024;07/02/2024;5323,91;0;0;0;0;0;0;284,44
202400000000172;03904395000145;03/03/2024;07/02/2024;7985,88;0;0;0;0;0;0;426,65
202400000000173;03904395000145;03/03/2024;07/02/2024;5323,91;0;0;0;0;0;0;284,44
202400000000174;03904395000145;03/03/2024;07/02/2024;7985,88;0;0;0;0;0;0;426,65
202400000000175;03904395000145;03/03/2024;07/02/2024;29151,44;0;0;0;0;0;0;1613,85
202400000000177;03904395000145;03/03/2024;07/02/2024;5323,91;0;0;0;0;0;0;284,44
202400000000181;03904395000145;03/03/2024;07/02/2024;35696,24;0;0;0;0;0;0;1895,83
202400000000180;03904395000145;03/03/2024;07/02/2024;214964,73;0;0;0;0;0;0;11929,63
202400000000176;03904395000145;03/03/2024;07/02/2024;43727,17;0;0;0;0;0;0;2420,78
202400000000178;03904395000145;03/03/2024;07/02/2024;7985,88;0;0;0;0;0;0;426,65
202400000000182;03904395000145;03/03/2024;07/02/2024;53544,36;0;0;0;0;0;0;2843,75
202300000001800;11294402000162;01/12/2023;08/02/2024;44526,67;0;0;0;0;0;0;2523,35
202300000001809;11168783000133;01/12/2023;08/02/2024;41575,49;0;0;0;0;0;0;2356,11
202300000001810;11168783000133;01/12/2023;08/02/2024;65940,57;0;0;0;0;0;0;3736,89
202300000001811;11168783000133;01/12/2023;08/02/2024;21611,62;0;0;0;0;0;0;1224,74
202300000001812;11168783000133;01/12/2023;08/02/2024;6929,25;0;0;0;0;0;0;392,68
202300000001813;11168783000133;01/12/2023;08/02/2024;6929,25;0;0;0;0;0;0;392,68
202300000001801;11294402000162;01/12/2023;08/02/2024;21812,71;0;0;0;0;0;0;1236,14
202300000001802;11294402000162;01/12/2023;08/02/2024;15709,26;0;0;0;0;0;0;890,25
202300000001803;11294402000162;01/12/2023;08/02/2024;15709,26;0;0;0;0;0;0;890,25
202300000001804;11294402000162;01/12/2023;08/02/2024;9605,80;0;0;0;0;0;0;544,37
202300000002049;17901209000129;21/01/2024;08/02/2024;23756,85;0;0;0;0;0;0;1312,23
202300000002052;17901209000129;21/01/2024;08/02/2024;14431,76;0;0;0;0;0;0;797,15
202400000000005;11294402000162;01/02/2024;09/02/2024;339318,35;0;0;0;0;0;0;19229,38
202400000000028;11718406000120;01/02/2024;09/02/2024;9502,75;0;0;0;0;0;0;524,89
202400000000074;11049830000120;11/02/2024;09/02/2024;10436,73;0;0;0;0;0;0;591,46
202400000000162;13128780004601;02/03/2024;09/02/2024;4751,37;0;0;0;0;0;0;262,45
202400000000165;13128780004784;02/03/2024;09/02/2024;8648,95;0;0;0;0;0;0;477,73
202400000000132;18169809000107;02/03/2024;15/02/2024;33162,73;0;0;0;0;0;0;1831,77
202300000001925;49410081000197;31/12/2023;16/02/2024;7521,86;0;0;0;0;0;0;426,27
202400000000020;49334482000105;01/02/2024;16/02/2024;7521,86;0;0;0;0;0;0;426,27
202400000000190;13128780003974;09/03/2024;16/02/2024;2910,74;0;0;0;0;0;0;160,78
202400000000145;13128780003974;02/03/2024;16/02/2024;22485,63;0;0;0;177,70;820,14;273,38;1312,23
202300000001830;11049830000120;10/12/2023;19/02/2024;10436,74;0;0;0;0;0;0;591,46
202400000000023;49410081000197;01/02/2024;19/02/2024;7521,86;0;0;0;0;0;0;426,27
202400000000161;13128780004431;02/03/2024;19/02/2024;17297,90;0;0;0;0;0;0;955,46
202400000000146;13128780010083;02/03/2024;19/02/2024;30271,33;0;0;0;0;0;0;1672,06
202400000000147;13128780010083;02/03/2024;19/02/2024;4324,47;0;0;0;0;0;0;238,87
202100000000158;34850014000116;01/07/2021;20/02/2024;66519,18;0;0;0;0;0;0;3674,25
202400000000163;00796598000177;02/03/2024;20/02/2024;8648,95;0;0;0;0;0;0;477,73
202400000000148;05050052000196;02/03/2024;20/02/2024;4324,47;0;0;0;0;0;0;238,87
202400000000031;11718406000120;01/02/2024;21/02/2024;71270,56;0;0;0;0;0;0;3936,69
202400000000032;11718406000120;01/02/2024;21/02/2024;23756,85;0;0;0;0;0;0;1312,23
202400000000029;11718406000120;01/02/2024;21/02/2024;19005,48;0;0;0;0;0;0;1049,78
202400000000019;34841195000114;01/02/2024;22/02/2024;142915,33;0;0;0;0;0;0;8099,10
202400000000057;34841195000114;04/02/2024;22/02/2024;9137,01;0;0;0;0;0;0;517,80
202400000000125;34841195000114;02/03/2024;22/02/2024;135393,48;0;0;0;0;0;0;7672,83
202400000000193;34841195000114;10/03/2024;22/02/2024;1364,36;0;0;0;0;0;0;77,32
202400000000194;34841195000114;10/03/2024;22/02/2024;5425,51;0;0;0;0;0;0;307,47
202400000000150;17901209000129;02/03/2024;22/02/2024;23756,85;0;0;0;0;0;0;1312,23
202400000000048;13366927000191;01/02/2024;23/02/2024;45188;0;0;0;0;0;0;2496
202400000000166;13128780009662;02/03/2024;22/02/2024;4324,47;0;0;0;0;0;0;238,87
202400000000167;13128780009662;02/03/2024;23/02/2024;4324,47;0;0;0;0;0;0;238,87
202300000001993;34841226000137;05/01/2024;27/02/2024;12285,71;0;0;0;0;0;0;696,24
202400000000021;34841226000137;01/02/2024;27/02/2024;15043,72;0;0;0;0;0;0;852,54
202400000000164;13128780004350;02/03/2024;27/02/2024;30972,73;0;0;0;0;0;0;1710,81
202400000000154;17901209000129;02/03/2024;27/02/2024;7215,88;0;0;0;0;0;0;398,58
202400000000152;17819159000135;02/03/2024;28/02/2024;4751,37;0;0;0;0;0;0;262,45
202400000000126;49334482000105;02/03/2024;29/02/2024;7521,86;0;0;0;0;0;0;426,27
202300000002007;13168992000102;12/01/2024;29/02/2024;18804,66;0;0;0;0;0;0;1065,67
202400000000022;08042554000163;01/02/2024;29/02/2024;7521,86;0;0;0;0;0;0;426,27
202400000000069;13168992000102;10/02/2024;29/02/2024;18804,66;0;0;0;0;0;0;1065,67
202400000000123;13168992000102;02/03/2024;29/02/2024;37609,30;0;0;0;0;0;0;2131,34
202400000000197;80464753000197;16/03/2024;04/03/2024;649,66;0;0;0;0;0;0;0
202400000000220;01679569000198;24/03/2024;07/03/2024;2462,40;0;0;0;0;0;0;0
202200000001618;06943858000257;24/11/2022;22/03/2024;798;0;0;0;0;0;0;0
202300000000076;34939001000207;01/02/2023;26/03/2024;532;0;0;0;0;0;0;0
202300000000288;34939001000207;09/03/2023;26/03/2024;532;0;0;0;0;0;0;0
202200000000193;07480558000241;01/04/2022;27/03/2024;171;0;0;0;0;0;0;0
202200000000194;03930531000503;01/04/2022;28/03/2024;342;0;0;0;0;0;0;0
202400000000209;18586862000103;17/03/2024;01/03/2024;142,48;0;0;0;0;0;0;0
202400000000189;11757681000153;07/03/2024;01/03/2024;2446,06;0;0;105,03;0;0;0;27,64
202400000000216;15110859000120;17/03/2024;04/03/2024;308,55;0;0;0;0;0;0;0
202400000000219;04563500000192;17/03/2024;04/03/2024;298,30;0;0;0;0;0;0;0
202400000000199;03926703000133;17/03/2024;04/03/2024;238,28;0;0;0;0;0;0;0
202400000000200;13183699000114;17/03/2024;05/03/2024;100,54;0;0;0;0;0;0;0
202400000000201;07821600000160;17/03/2024;05/03/2024;224,78;0;0;0;0;0;0;0
202400000000202;11824146000178;17/03/2024;05/03/2024;123,49;0;0;0;0;0;0;0
202400000000203;12215304000155;17/03/2024;05/03/2024;211,33;0;0;0;0;0;0;0
202400000000204;10250158000688;17/03/2024;05/03/2024;102,91;0;0;0;0;0;0;0
202400000000206;09308955000185;17/03/2024;05/03/2024;95;0;0;0;0;0;0;0
202400000000208;00495095000161;17/03/2024;05/03/2024;349,12;0;0;0;0;0;0;0
202400000000211;04538231000104;17/03/2024;05/03/2024;85,50;0;0;0;0;0;0;0
202400000000213;32062768000186;17/03/2024;05/03/2024;95;0;0;0;0;0;0;0
202400000000214;22150907000170;17/03/2024;05/03/2024;294,92;0;0;0;0;0;0;0
202400000000212;09623431000189;17/03/2024;07/03/2024;139,35;0;0;0;0;0;0;0
202400000000215;35434511000104;17/03/2024;12/03/2024;95;0;0;0;0;0;0;0
202400000000087;03963091000159;14/02/2024;13/03/2024;252,60;0;0;0;0;0;0;0
202400000000207;03963091000159;17/03/2024;13/03/2024;168,97;0;0;0;0;0;0;0
202300000001100;13183699000114;11/06/2023;21/03/2024;95;0;0;0;0;0;0;0
202300000001627;10741183000150;12/10/2023;21/03/2024;95;0;0;0;0;0;0;0
202300000002019;13183699000114;13/01/2024;21/03/2024;95;0;0;0;0;0;0;0
202400000000346;18586862000103;18/04/2024;26/03/2024;105,29;0;0;0;0;0;0;0
202400000000350;35434511000104;18/04/2024;27/03/2024;95;0;0;0;0;0;0;0
202400000000195;13128855000144;16/03/2024;04/03/2024;275960,81;0;0;0;0;0;0;15638,86
202400000000331;13128855000144;06/04/2024;18/03/2024;255464,02;0;0;0;0;0;0;14477,30
202300000001035;11757681000153;04/06/2023;01/03/2024;2446,06;0;0;13,82;0;0;0;27,64
202300000001189;11757681000153;05/07/2023;01/03/2024;1223,04;0;0;52,51;0;0;0;13,82
202300000001363;11757681000153;10/08/2023;01/03/2024;2446,06;0;0;105,03;0;0;0;27,64
202300000001452;11757681000153;02/09/2023;01/03/2024;1223,04;0;0;52,51;0;0;0;13,82
202300000001828;11757681000153;10/12/2023;01/03/2024;1223,04;23,32;0;0;0;0;0;13,82
202300000002010;11757681000153;13/01/2024;01/03/2024;1223,04;16,59;0;0;0;0;0;13,82
202400000000300;12243697000100;31/03/2024;08/03/2024;81296,23;0;0;0;0;0;0;1335,64
202400000000187;12243697000100;07/03/2024;05/03/2024;84149,73;0;0;0;0;0;0;1382,53
202400000000310;03904395000145;04/04/2024;14/03/2024;13309,79;0;0;0;0;0;0;711,09
202400000000315;03904395000145;04/04/2024;11/03/2024;13309,79;0;0;0;0;0;0;711,09
202400000000326;03904395000145;04/04/2024;11/03/2024;13309,79;0;0;0;0;0;0;711,09
202400000000319;03904395000145;04/04/2024;14/03/2024;13309,79;0;0;0;0;0;0;711,09
202400000000320;03904395000145;04/04/2024;14/03/2024;7985,88;0;0;0;0;0;0;426,65
202400000000321;03904395000145;04/04/2024;14/03/2024;5323,91;0;0;0;0;0;0;284,44
202400000000322;03904395000145;04/04/2024;11/03/2024;358274,55;0;0;0;0;0;0;19882,72
202400000000324;03904395000145;04/04/2024;11/03/2024;72878,60;0;0;0;0;0;0;4034,63
202400000000325;03904395000145;04/04/2024;14/03/2024;88193,17;0;0;0;0;0;0;4676,10
202400000000323;03904395000145;04/04/2024;11/03/2024;89240,61;0;0;0;0;0;0;4739,58
202400000000329;34841195000114;05/04/2024;15/03/2024;1208,06;0;0;0;0;0;0;68,46
202400000000221;11718406000120;27/03/2024;08/03/2024;6364,06;0;0;0;0;0;0;351,52
202400000000192;13018171000190;10/03/2024;06/03/2024;41684,25;0;0;0;338,47;1562,18;520,73;2499,49
202400000000330;13128780003974;05/04/2024;21/03/2024;1050,85;0;0;0;0;0;0;58,04
202400000000024;04556274000112;01/02/2024;01/03/2024;7521,86;0;0;0;0;0;0;426,27
202400000000130;04556274000112;02/03/2024;01/03/2024;7521,86;0;0;0;0;0;0;426,27
202400000000129;49410081000197;02/03/2024;04/03/2024;7521,86;0;0;0;0;0;0;426,27
202400000000128;08042554000163;02/03/2024;19/03/2024;7521,86;0;0;0;0;0;0;426,27
202400000000134;11718406000120;02/03/2024;04/03/2024;4751,37;0;0;0;0;0;0;262,45
202400000000296;13128780009662;31/03/2024;22/03/2024;4324,47;0;0;0;0;0;0;238,87
202400000000297;13128780009662;31/03/2024;22/03/2024;4324,47;0;0;0;0;0;0;238,87
202400000000169;13366927000191;02/03/2024;14/03/2024;19080,63;0;0;0;0;0;0;1053,94
202300000001983;11294402000162;03/01/2024;01/03/2024;13213,43;0;0;0;0;0;0;748,81
202300000001985;11049830000120;03/01/2024;12/03/2024;10436,73;0;0;0;0;0;0;591,46
202400000000135;11718406000120;02/03/2024;01/03/2024;9502,75;0;0;0;0;0;0;524,89
202400000000295;13128780004784;31/03/2024;14/03/2024;8648,95;0;0;0;0;0;0;477,73
202400000000159;19432705000106;02/03/2024;14/03/2024;6192,86;0;0;0;0;0;0;342,07
202400000000151;17901209000129;02/03/2024;04/03/2024;9502,75;0;0;0;0;0;0;524,89
202400000000142;11718406000120;02/03/2024;04/03/2024;14431,76;0;0;0;0;0;0;797,15
202400000000153;17901209000129;02/03/2024;13/03/2024;14431,76;0;0;0;0;0;0;797,15
202300000001808;11294402000162;01/12/2023;05/03/2024;13213,43;0;0;0;0;0;0;748,81
202400000000133;11718406000120;02/03/2024;01/03/2024;14254,11;0;0;0;0;0;0;787,34
202400000000140;11718406000120;02/03/2024;04/03/2024;21647,64;0;0;0;0;0;0;1195,73
202400000000143;11718406000120;02/03/2024;05/03/2024;21647,64;0;0;0;0;0;0;1195,73
202400000000124;15613813000124;02/03/2024;04/03/2024;30087,44;0;0;0;0;0;0;1705,07
202400000000136;11718406000120;02/03/2024;04/03/2024;19005,48;0;0;0;0;0;0;1049,78
202400000000168;13366927000191;02/03/2024;14/03/2024;45188;0;0;0;0;0;0;2496
202400000000294;13128780004350;31/03/2024;22/03/2024;30972,73;0;0;0;0;0;0;1710,81
202400000000139;11718406000120;02/03/2024;01/03/2024;23756,84;0,01;0;0;0;0;0;1312,23
202400000000131;34850014000116;02/03/2024;05/03/2024;86187,33;0;0;0;0;0;0;4760,64
202400000000109;11294402000162;02/03/2024;04/03/2024;58488,14;0;0;0;0;0;0;3314,56
202300000001968;11294402000162;03/01/2024;05/03/2024;46246,97;0;0;0;0;0;0;2620,84
202400000000141;11718406000120;02/03/2024;04/03/2024;50511,16;0;0;0;0;0;0;2790,03
202400000000052;11294402000162;01/02/2024;11/03/2024;46246,97;0;0;0;0;0;0;2620,84
202400000000137;11718406000120;02/03/2024;01/03/2024;47513,70;0;0;0;0;0;0;2624,46
202400000000149;17901209000129;02/03/2024;08/03/2024;52265,07;0;0;0;0;0;0;2886,91
202400000000138;11718406000120;02/03/2024;05/03/2024;71270,56;0;0;0;0;0;0;3936,69
202400000000327;34841195000114;05/04/2024;12/03/2024;135393,48;0;0;0;0;0;0;7672,83
202400000000004;11294402000162;01/02/2024;11/03/2024;181458,51;0;0;0;0;0;0;10283,36
202300000001986;11294402000162;03/01/2024;11/03/2024;181458,51;10711,84;0;0;0;0;0;10283,36
202300000001799;11294402000162;01/12/2023;01/03/2024;181458,51;0;0;0;0;0;0;10283,36
202300000001976;11294402000162;03/01/2024;05/03/2024;339318,35;0,01;0;0;0;0;0;19229,38
202400000000186;13018171000190;07/03/2024;06/03/2024;395046,75;0;0;0;3207,75;14805;4935;23688
202400000000231;11294402000162;31/03/2024;27/03/2024;339318,35;0;0;0;0;0;0;19229,38
202400000000252;49410081000197;31/03/2024;19/03/2024;7521,86;0;0;0;0;0;0;426,27
202400000000272;05050052000196;31/03/2024;19/03/2024;4324,47;0;0;0;0;0;0;238,87
202400000000271;13128780010083;31/03/2024;26/03/2024;4324,49;0;0;0,02;0;0;0;238,87
202400000000292;13128780004601;31/03/2024;15/03/2024;4751,37;0;0;0;0;0;0;262,45
202400000000253;04556274000112;31/03/2024;19/03/2024;7521,86;0;0;0;0;0;0;426,27
202400000000290;19432705000106;31/03/2024;14/03/2024;9502,75;0;0;0;0;0;0;524,89
202400000000293;00796598000177;31/03/2024;14/03/2024;8648,95;0;0;0;0;0;0;477,73
202400000000246;13168992000102;31/03/2024;15/03/2024;37609,30;0;0;0;0;0;0;2131,34
202400000000269;13128780003974;31/03/2024;21/03/2024;22485,63;1271,22;0;0;177,70;820,14;273,38;1312,23
202400000000263;11718406000120;31/03/2024;27/03/2024;23756,84;0,01;0;0;0;0;0;1312,23
202400000000254;34850014000116;31/03/2024;25/03/2024;86187,32;0;0;0;0;0;0;4760,64
202400000000270;13128780010083;31/03/2024;26/03/2024;30271,33;0;0;0;0;0;0;1672,06
202400000000270;13128780010083;31/03/2024;12/03/2024;33162,73;0;0;0;0;0;0;1831,77
202400000000289;13128780003389;31/03/2024;13/03/2024;66519,18;0;0;0;0;0;0;3674,25
202400000000105;11049830000120;02/03/2024;07/03/2024;10436,73;0;0;0;0;0;0;591,46
202400000000277;11294402000162;31/03/2024;27/03/2024;13213,43;0;0;0;0;0;0;748,81
202400000000233;11294402000162;31/03/2024;27/03/2024;26426,84;0;0;0;0;0;0;1497,62
202400000000232;11294402000162;31/03/2024;27/03/2024;58488,14;0;0;0;0;0;0;3314,56
202400000000230;11294402000162;31/03/2024;27/03/2024;46246,97;0,32;0;0;0;0;0;2620,84
202400000000275;11294402000162;31/03/2024;27/03/2024;181458,51;0;0;0;0;0;0;10283,36
202300000001510;08042554000163;28/09/2023;15/03/2024;1985,64;0;0;0;0;0;0;112,52
202200000000486;09344391000217;06/05/2022;01/04/2024;684;0;0;0;0;0;0;0
202200000001543;03402488000171;05/11/2022;01/04/2024;456;0;0;0;0;0;0;0
202300000002000;14391014000198;10/01/2024;01/04/2024;2850;0;0;0;0;0;0;0
202200000000727;31389989000109;15/06/2022;02/04/2024;190;43,76;0;0;0;0;0;0
202200000001417;31389989000109;19/10/2022;02/04/2024;190;35,97;0;0;0;0;0;0
202200000001821;31389989000109;17/12/2022;02/04/2024;142,50;24,08;0;0;0;0;0;0
202200000001997;31389989000109;07/01/2023;02/04/2024;190;30,21;0;0;0;0;0;0
202300000000126;31389989000109;05/02/2023;02/04/2024;142,50;21,19;0;0;0;0;0;0
202200000001565;31389989000109;09/11/2022;02/04/2024;95;17,03;0;0;0;0;0;0
202300000000554;31389989000109;07/04/2023;02/04/2024;190;24,51;0;0;0;0;0;0
202300000000786;31389989000109;10/05/2023;02/04/2024;190;22,55;0;0;0;0;0;0
202300000001039;31389989000109;04/06/2023;02/04/2024;142,50;15,49;0;0;0;0;0;0
202300000000748;24870569000176;10/05/2023;04/04/2024;332,50;40,50;0;0;0;0;0;0
202300000001061;23586875000112;04/06/2023;04/04/2024;1235;138,69;0;0;0;0;0;0
202300000001062;44160820000116;04/06/2023;04/04/2024;1235;138,69;0;0;0;0;0;0
202300000000578;08364485000295;07/04/2023;05/04/2024;997,50;0;0;0;0;0;0;0
202300000001010;08364485000295;04/06/2023;05/04/2024;997,50;0;0;0;0;0;0;0
202400000000336;01679569000198;18/04/2024;04/04/2024;2736;0;0;0;0;0;0;0
202200000000108;01747578000179;07/03/2022;08/04/2024;1615;1246,62;0;0;0;0;0;0
202400000000077;14391014000198;14/02/2024;09/04/2024;2850;0;0;0;0;0;0;0
202200000000954;80464753000197;06/08/2022;10/04/2024;1312,99;0;0;0;0;0;0;0
202300000001208;80464753000197;09/07/2023;10/04/2024;649,66;0;0;0;0;0;0;0
202200000000163;24466120000147;27/03/2022;11/04/2024;547,20;0;0;0;0;0;0;0
202200000000276;24466120000147;08/04/2022;11/04/2024;116,88;0;0;0;0;0;0;0
202300000000801;35252493000131;10/05/2023;15/04/2024;332,50;38,24;0;0;0;0;0;0
202300000000802;35252493000484;10/05/2023;15/04/2024;332,50;38,24;0;0;0;0;0;0
202300000000892;27614260000103;19/05/2023;15/04/2024;399;0;0;0;0;0;0;0
202300000001022;35252493000484;04/06/2023;15/04/2024;332,50;37,67;0;0;0;0;0;0
202300000001023;35252493000131;04/06/2023;15/04/2024;332,50;37,67;0;0;0;0;0;0
202400000000196;14391014000198;16/03/2024;17/04/2024;2850;0;0;0;0;0;0;0
202200000000167;33919761001415;27/03/2022;22/04/2024;342;90,05;0;0;0;0;0;0
202200000000648;33919761001415;03/06/2022;22/04/2024;342;0;0;0;0;0;0;0
202200000000452;33919761001415;06/05/2022;22/04/2024;342;83,35;0;0;0;0;0;0
202200000000831;33919761001415;09/07/2022;22/04/2024;342;86,87;0;0;0;0;0;0
202200000000987;33919761001415;18/08/2022;22/04/2024;342;76,50;0;0;0;0;0;0
202200000000988;33919761001415;18/08/2022;22/04/2024;342;72,95;0;0;0;0;0;0
202200000001228;33919761001415;18/09/2022;22/04/2024;342;0;0;16,52;0;0;0;0
202200000001992;17336019000106;07/01/2023;23/04/2024;266;0;0;0;0;0;0;0
202300000000291;17336019000106;09/03/2023;23/04/2024;299,25;0;0;0;0;0;0;0
202300000000130;17336019000106;05/02/2023;23/04/2024;299,25;0;0;0;0;0;0;0
202200000001571;17336019000106;09/11/2022;23/04/2024;299,25;0;0;0;0;0;0;0
202300000000755;17336019000106;10/05/2023;23/04/2024;432,25;0;0;0;0;0;0;0
202400000000452;13128855000144;08/05/2024;24/04/2024;245126,96;0;0;0;0;0;0;13891,49
202200000000991;24466120000147;18/08/2022;30/04/2024;203,77;0;0;0;0;0;0;0
202200000000276;24466120000147;08/04/2022;30/04/2024;430,32;0;0;0;0;0;0;0
202300000001989;13117320000178;04/01/2024;10/04/2024;40537,79;0;0;0;0;0;0;666,01
202400000000306;13104740000110;03/04/2024;12/04/2024;6699,27;0;0;0;0;0;0;370,04
202400000000307;13104740000110;03/04/2024;12/04/2024;318,69;0;0;0;0;0;0;116,77
202400000000307;13104740000110;03/04/2024;15/04/2024;1795,42;0;0;0;0;0;0;0
202400000000462;11718406000120;12/05/2024;24/04/2024;2425,30;0;0;0;0;0;0;133,96
202400000000407;17901209000129;01/05/2024;25/04/2024;23756,85;0;0;0;0;0;0;1312,23
202400000000439;12243697000100;02/05/2024;29/04/2024;81108,18;0;0;0;0;0;0;4424,08
202400000000100;01679569000198;22/02/2024;05/04/2024;2462,40;0;0;10,67;0;0;0;0
202400000000474;09308955000185;15/05/2024;30/04/2024;95;0;0;0;0;0;0;0
202400000000485;15110859000120;15/05/2024;30/04/2024;335,16;0;0;0;0;0;0;0
202400000000480;09623431000189;15/05/2024;30/04/2024;227,33;0;0;0;0;0;0;0
202400000000477;18586862000103;15/05/2024;26/04/2024;106,08;0;0;0;0;0;0;0
202400000000473;10250158000688;15/05/2024;29/04/2024;95;0;0;0;0;0;0;0
202400000000217;09618386000174;17/03/2024;10/04/2024;240,61;5,12;0;0;0;0;0;0
202400000000337;03926703000133;18/04/2024;02/04/2024;192,46;0;0;0;0;0;0;0
202400000000340;07875562000128;18/04/2024;02/04/2024;90,25;0;0;0;0;0;0;0
202400000000348;04538231000104;18/04/2024;02/04/2024;85,50;0;0;0;0;0;0;0
202400000000349;22150907000170;18/04/2024;02/04/2024;245,78;0;0;0;0;0;0;0
202400000000338;07821600000160;18/04/2024;03/04/2024;149,61;0;0;0;0;0;0;0
202400000000343;09308955000185;18/04/2024;03/04/2024;95;0;0;0;0;0;0;0
202400000000351;15110859000120;18/04/2024;03/04/2024;481,54;0;0;0;0;0;0;0
202400000000080;11824146000178;14/02/2024;04/04/2024;101,33;0;0;0;0;0;0;0
202400000000339;11824146000178;18/04/2024;04/04/2024;162,27;0;0;0;0;0;0;0
202400000000341;12215304000155;18/04/2024;04/04/2024;129,03;0;0;0;0;0;0;0
202400000000342;10250158000688;18/04/2024;04/04/2024;95;0;0;0;0;0;0;0
202400000000345;00495095000161;18/04/2024;04/04/2024;351,97;0;0;0;0;0;0;0
202400000000352;10741183000150;18/04/2024;04/04/2024;95;0;0;0;0;0;0;0
202400000000344;03963091000159;18/04/2024;09/04/2024;149,80;7,88;0;0;0;0;0;0
202400000000347;12612456000191;18/04/2024;09/04/2024;91,91;4,58;0;0;0;0;0;0
202400000000328;13128897000185;05/04/2024;01/04/2024;358128,52;0;0;0;0;0;0;20295,36
202400000000449;13128897000185;04/05/2024;29/04/2024;338346,80;0;0;0;0;0;0;19174,32
202300000000968;13117320000178;03/06/2023;17/04/2024;39150,31;0;0;0;0;0;0;643,21
202300000001307;13117320000178;02/08/2023;25/04/2024;39015,41;0;0;0;0;0;0;641
202400000000251;08042554000163;31/03/2024;02/04/2024;7521,86;0;0;0;0;0;0;426,27
202300000001702;11168783000133;01/11/2023;04/04/2024;6929,25;0;0;0;0;0;0;392,68
202400000000011;11168783000133;01/02/2024;04/04/2024;6929,25;0;0;0;0;0;0;392,68
202400000000009;11168783000133;01/02/2024;04/04/2024;65940,57;0;0;0;0;0;0;3736,89
202400000000008;11168783000133;01/02/2024;04/04/2024;41575,49;0;0;0;0;0;0;2356,11
202400000000010;11168783000133;01/02/2024;04/04/2024;21611,62;0;0;0;0;0;0;1224,74
202400000000013;11168783000133;01/02/2024;04/04/2024;44526,67;0;0;0;0;0;0;2523,35
202400000000017;11168783000133;01/02/2024;04/04/2024;9605,80;0;0;0;0;0;0;544,37
202400000000014;11168783000133;01/02/2024;04/04/2024;21812,71;0;0;0;0;0;0;1236,14
202400000000015;11168783000133;01/02/2024;04/04/2024;15709,26;0;0;0;0;0;0;890,25
202400000000016;11168783000133;01/02/2024;04/04/2024;15709,26;0;0;0;0;0;0;890,25
202400000000255;13018171000190;31/03/2024;04/04/2024;395046,75;0;0;0;3207,75;14805;4935;23688
202400000000276;17901209000129;31/03/2024;04/04/2024;9502,75;0;0;0;0;0;0;524,89
202400000000273;17901209000129;31/03/2024;04/04/2024;52265,07;0;0;0;0;0;0;2886,91
202400000000274;17901209000129;31/03/2024;04/04/2024;23756,85;0;0;0;0;0;0;1312,23
202400000000285;17901209000129;31/03/2024;04/04/2024;7215,88;0;0;0;0;0;0;398,58
202400000000332;13018171000190;06/04/2024;04/04/2024;35336,93;0;0;0;286,93;1324,31;441,44;2118,89
202400000000441;03904395000145;04/05/2024;05/04/2024;13309,70;0;0;0;0;0;0;711,09
202400000000442;03904395000145;04/05/2024;05/04/2024;13309,70;0;0;0;0;0;0;711,09
202400000000443;03904395000145;04/05/2024;05/04/2024;13309,70;0;0;0;0;0;0;711,09
202400000000444;03904395000145;04/05/2024;05/04/2024;72878,60;0;0;0;0;0;0;4034,63
202400000000445;03904395000145;04/05/2024;05/04/2024;355394,09;0;0;0;0;0;0;19708,15
202400000000446;03904395000145;04/05/2024;05/04/2024;89240,61;0;0;0;0;0;0;4739,58
202400000000447;03904395000145;04/05/2024;05/04/2024;9338,90;0;0;0;0;0;0;497,82
202400000000448;03904395000145;04/05/2024;05/04/2024;4000,91;0;0;0;0;0;0;213,27
202400000000383;34841195000114;01/05/2024;05/04/2024;135393,48;0;0;0;0;0;0;7672,83
202400000000291;13128780004431;31/03/2024;08/04/2024;17297,90;0;0;0;0;0;0;955,46
202400000000380;11049830000120;01/05/2024;08/04/2024;10436,73;0;0;0;0;0;0;591,46
202400000000249;49334482000105;31/03/2024;09/04/2024;7521,86;0;0;0;0;0;0;426,27
202400000000423;13128780004784;01/05/2024;09/04/2024;8648,95;0;0;0;0;0;0;477,73
202400000000420;13128780004601;01/05/2024;09/04/2024;4751,37;0;0;0;0;0;0;262,45
202400000000433;00796598000177;01/05/2024;09/04/2024;540,75;0;0;0;0;0;0;29,87
202400000000434;00796598000177;01/05/2024;09/04/2024;853,79;0;0;0;0;0;0;47,16
202400000000379;11527108000153;01/05/2024;10/04/2024;11858;0;0;0;0;0;0;672
202400000000409;05050052000196;01/05/2024;11/04/2024;4751,37;0;0;0;0;0;0;262,45
202400000000432;13128780004431;01/05/2024;11/04/2024;1707,59;0;0;0;0;0;0;94,32
202400000000257;11718406000120;31/03/2024;12/04/2024;14254,11;0;0;0;0;0;0;787,34
202400000000258;11718406000120;31/03/2024;12/04/2024;4751,37;0;0;0;0;0;0;262,45
202400000000259;11718406000120;31/03/2024;12/04/2024;9502,75;0;0;0;0;0;0;524,89
202400000000260;11718406000120;31/03/2024;12/04/2024;19005,48;0;0;0;0;0;0;1049,78
202400000000261;11718406000120;31/03/2024;12/04/2024;47513,70;0;0;0;0;0;0;2624,46
202400000000262;11718406000120;31/03/2024;12/04/2024;71270,56;0;0;0;0;0;0;3936,69
202400000000264;11718406000120;31/03/2024;12/04/2024;21647,64;0;0;0;0;0;0;1195,73
202400000000265;11718406000120;31/03/2024;12/04/2024;50511,16;0;0;0;0;0;0;2790,03
202400000000266;11718406000120;31/03/2024;12/04/2024;14431,76;0;0;0;0;0;0;797,15
202400000000267;11718406000120;31/03/2024;12/04/2024;21647,64;0;0;0;0;0;0;1195,73
202400000000268;11718406000120;31/03/2024;12/04/2024;28863,53;0;0;0;0;0;0;1594,30
202400000000333;11718406000120;07/04/2024;12/04/2024;3114,56;0;0;0;0;0;0;172,03
202400000000417;13128780003389;01/05/2024;12/04/2024;66519,18;0;0;0;0;0;0;3674,25
202400000000389;18169809000107;01/05/2024;15/04/2024;33162,73;0;0;0;0;0;0;1831,77
202400000000403;13128780010083;01/05/2024;15/04/2024;30271,33;0;0;0;0;0;0;1672,06
202400000000404;13128780010083;01/05/2024;15/04/2024;4324,47;0;0;0;0;0;0;238,87
202400000000453;34841195000114;08/05/2024;15/04/2024;8715,61;0;0;0;0;0;0;493,92
202400000000388;34850014000116;01/05/2024;16/04/2024;86187,32;0;0;0;0;0;0;4760,64
202400000000286;13128780004512;31/03/2024;17/04/2024;14254,11;0;0;0;0;0;0;787,34
202400000000287;13128780004512;31/03/2024;17/04/2024;9502,75;0;0;0;0;0;0;524,89
202400000000288;13128780004512;31/03/2024;17/04/2024;7215,88;0;0;0;0;0;0;398,58
202400000000418;19432705000106;01/05/2024;15/04/2024;9502,75;0;0;0;0;0;0;524,89
202400000000387;04556274000112;01/05/2024;17/04/2024;7521,86;0;0;0;0;0;0;426,27
202400000000421;00796598000177;01/05/2024;17/04/2024;9502,75;0;0;0;0;0;0;524,89
202400000000429;05050052000196;01/05/2024;17/04/2024;284,59;0;0;0;0;0;0;15,72
202400000000430;05050052000196;01/05/2024;17/04/2024;426,90;0;0;0;0;0;0;23,58
202400000000381;13168992000102;01/05/2024;18/04/2024;37609,30;0;0;0;0;0;0;2131,34
202400000000422;13128780004350;01/05/2024;18/04/2024;30972,73;0;0;0;0;0;0;1710,81
202400000000455;13128780003974;08/05/2024;19/04/2024;4051,86;0;0;0;0;0;0;223,81
202400000000402;13128780003974;01/05/2024;19/04/2024;22485,63;0;0;0;177,70;820,14;273,38;1312,23
202400000000431;13128780004431;01/05/2024;22/04/2024;1195,33;0;0;0;0;0;0;66,02
202400000000284;17901209000129;31/03/2024;24/04/2024;14431,76;0;0;0;0;0;0;797,15
202400000000385;08042554000163;01/05/2024;24/04/2024;7521,86;0;0;0;0;0;0;426,27
202400000000356;13104740000110;27/04/2024;25/04/2024;34014,57;0;0;0;0;0;0;1878,83
202400000000414;13128780004512;01/05/2024;25/04/2024;14254,11;0;0;0;0;0;0;787,34
202400000000415;13128780004512;01/05/2024;25/04/2024;9502,75;0;0;0;0;0;0;524,89
202400000000425;13128780009662;01/05/2024;25/04/2024;4751,37;0;0;0;0;0;0;262,45
202400000000435;13128780009662;01/05/2024;25/04/2024;128,08;0;0;0;0;0;0;7,07
202400000000436;13128780009662;01/05/2024;25/04/2024;426,90;0;0;0;0;0;0;23,58
202400000000437;13128780009662;01/05/2024;25/04/2024;128,08;0;0;0;0;0;0;7,07
202400000000438;13128780009662;01/05/2024;25/04/2024;426,90;0;0;0;0;0;0;23,58
202400000000466;34841226000137;12/05/2024;26/04/2024;13539,35;0;0;0;0;0;0;767,28
202400000000298;13366927000191;31/03/2024;26/04/2024;45188;0;0;0;0;0;0;2496
202400000000302;13366927000191;01/04/2024;26/04/2024;19080,63;0;0;0;0;0;0;1053,94
202400000000465;34841226000137;12/05/2024;26/04/2024;13539,35;0;0;0;0;0;0;767,28
202400000000384;49334482000105;01/05/2024;26/04/2024;7521,86;0;0;0;0;0;0;426,27
202400000000283;17819159000135;31/03/2024;29/04/2024;4751,37;0;0;0;0;0;0;262,45
202400000000488;11527108000153;30/05/2024;30/04/2024;11858;0;0;0;0;0;0;672
202400000000587;14391014000198;09/06/2024;29/05/2024;3087,50;0;0;0;0;0;0;0
202400000000464;80464753000197;12/05/2024;03/05/2024;649,66;0;0;0;0;0;0;0
202200000001226;24466120000147;18/09/2022;13/05/2024;547,20;0;0;0;0;0;0;0
202200000001364;33919761001415;13/10/2022;15/05/2024;342;0;0;0;0;0;0;0
202200000001748;33919761001415;07/12/2022;15/05/2024;342;0;0;0;0;0;0;0
202200000001942;33919761001415;05/01/2023;15/05/2024;342;0;0;0;0;0;0;0
202300000000077;33919761001415;01/02/2023;15/05/2024;342;0;0;0;0;0;0;0
202200000001538;33919761001415;05/11/2022;15/05/2024;342;0;0;0;0;0;0;0
202300000000356;33919761001415;09/03/2023;15/05/2024;342;0;0;0;0;0;0;0
202300000000821;33919761001415;10/05/2023;15/05/2024;342;0;0;0;0;0;0;0
202200000001228;33919761001415;18/09/2022;15/05/2024;85,95;0;0;0;0;0;0;0
202400000000489;01679569000198;30/05/2024;20/05/2024;2599,20;0;0;0;0;0;0;0
202200000000981;02668961000102;18/08/2022;29/05/2024;496,85;0;0;0;0;0;0;0
202200000000991;24466120000147;18/08/2022;13/05/2024;86,88;0,01;0;0;0;0;0;0
202400000000493;13104740000110;30/05/2024;09/05/2024;39116,75;0;0;0;0;0;0;2160,65
202400000000495;13104740000110;30/05/2024;09/05/2024;18045,86;0;0;0;0;0;0;996,78
202400000000496;13104740000110;30/05/2024;09/05/2024;17892,36;0;0;0;0;0;0;988,30
202400000000582;12200168000120;05/06/2024;09/05/2024;96797,18;0;0;0;0;0;0;5279,85
202400000000494;13104740000110;30/05/2024;10/05/2024;26777,59;0;0;0;0;0;0;1479,08
202400000000490;13104740000110;30/05/2024;29/05/2024;52868,23;0;0;0;0;0;0;3204,14
202400000000491;13104740000110;30/05/2024;29/05/2024;8811,38;0;0;0;0;0;0;534,02
202400000000492;13104740000110;30/05/2024;29/05/2024;8208,56;0;0;0;0;0;0;497,49
202400000000576;34841195000114;05/06/2024;15/05/2024;6863,93;0;0;0;0;0;0;388,98
202400000000575;13128855000144;05/06/2024;21/05/2024;264208,67;0;0;0;0;0;0;14972,86
202400000000472;12215304000155;15/05/2024;02/05/2024;128,24;0;0;0;0;0;0;0
202400000000476;00495095000161;15/05/2024;02/05/2024;406,12;0;0;0;0;0;0;0
202400000000481;32062768000186;15/05/2024;02/05/2024;95;0;0;0;0;0;0;0
202400000000482;22150907000170;15/05/2024;02/05/2024;263,27;0;0;0;0;0;0;0
202400000000469;11824146000178;15/05/2024;02/05/2024;95;0;0;0;0;0;0;0
202400000000470;05943034000133;15/05/2024;03/05/2024;85,50;3,42;0;0;0;0;0;0
202400000000475;03963091000159;15/05/2024;09/05/2024;138,47;13,83;0;0;0;0;0;0
202400000000601;12612456000191;16/06/2024;28/05/2024;101,89;0;0;0;0;0;0;0
202400000000484;35434511000104;15/05/2024;22/05/2024;95;0;0;0;0;0;0;0
202400000000572;12243697000100;05/06/2024;09/05/2024;79061,37;0;0;0;0;0;0;4312,44
202300000001480;13117320000178;14/09/2023;03/05/2024;40256;0;0;0;0;0;0;661,38
202300000001595;13117320000178;04/10/2023;08/05/2024;40624,56;0;0;0;0;0;0;667,44
202400000000247;15613813000124;31/03/2024;02/05/2024;30087,44;0;0;0;0;0;0;1705,07
202400000000127;34841226000137;02/03/2024;03/05/2024;15043,72;154,10;0;0;0;0;0;852,54
202400000000396;11718406000120;01/05/2024;03/05/2024;23756,85;0;0;0;0;0;0;1312,23
202400000000408;17901209000129;01/05/2024;06/05/2024;52265,07;0;0;0;0;0;0;2886,91
202400000000500;11294402000162;01/06/2024;06/05/2024;46246,97;0;0;0;0;0;0;2620,84
202400000000501;11294402000162;01/06/2024;06/05/2024;339318,35;0;0;0;0;0;0;19229,38
202400000000505;11294402000162;01/06/2024;06/05/2024;13213,43;0;0;0;0;0;0;748,81
202400000000524;11294402000162;01/06/2024;06/05/2024;182957;0;0;0;0;0;0;10368,28
202400000000003;11294402000162;01/02/2024;07/05/2024;58488,14;0;0;0;0;0;0;3314,56
202400000000051;11294402000162;01/02/2024;07/05/2024;13213,43;0;0;0;0;0;0;748,81
202400000000050;11294402000162;01/02/2024;07/05/2024;26426,84;0;0;0;0;0;0;1497,62
202400000000570;03904395000145;05/06/2024;07/05/2024;72878,60;0;0;0;0;0;0;4034,63
202400000000571;03904395000145;05/06/2024;07/05/2024;357881,76;0;0;0;0;0;0;19858,92
202400000000569;03904395000145;05/06/2024;07/05/2024;90026,20;0;0;0;0;0;0;4787,19
202400000000012;11168783000133;01/02/2024;08/05/2024;6929,25;0;0;0;0;0;0;392,68
202400000000009;11168783000133;01/02/2024;08/05/2024;65940,57;0;0;0;0;0;0;3736,89
202400000000010;11168783000133;01/02/2024;08/05/2024;21611,62;0;0;0;0;0;0;1224,74
202400000000013;11168783000133;01/02/2024;08/05/2024;44526,67;0;0;0;0;0;0;2523,35
202400000000014;11168783000133;01/02/2024;08/05/2024;21812,71;0;0;0;0;0;0;1236,14
202400000000015;11168783000133;01/02/2024;08/05/2024;15709,26;0;0;0;0;0;0;890,25
202400000000244;11168783000133;31/03/2024;08/05/2024;21611,62;0;0;0;0;0;0;1224,74
202400000000278;11168783000133;31/03/2024;08/05/2024;44526,67;0;0;0;0;0;0;2523,35
202400000000242;11168783000133;31/03/2024;08/05/2024;6929,25;0;0;0;0;0;0;392,68
202400000000390;11718406000120;01/05/2024;08/05/2024;14254,11;0;0;0;0;0;0;787,34
202400000000391;11718406000120;01/05/2024;08/05/2024;4751,37;0;0;0;0;0;0;262,45
202400000000399;11718406000120;01/05/2024;08/05/2024;14431,76;0;0;0;0;0;0;797,15
202400000000392;11718406000120;01/05/2024;08/05/2024;9502,75;0;0;0;0;0;0;524,89
202400000000393;11718406000120;01/05/2024;08/05/2024;19005,48;0;0;0;0;0;0;1049,78
202400000000394;11718406000120;01/05/2024;08/05/2024;47513,70;0;0;0;0;0;0;2624,46
202400000000395;11718406000120;01/05/2024;08/05/2024;71270,56;0;0;0;0;0;0;3936,69
202400000000397;11718406000120;01/05/2024;08/05/2024;21647,64;0;0;0;0;0;0;1195,73
202400000000398;11718406000120;01/05/2024;08/05/2024;50511,16;0;0;0;0;0;0;2790,03
202400000000400;11718406000120;01/05/2024;08/05/2024;21647,64;0;0;0;0;0;0;1195,73
202400000000401;11718406000120;01/05/2024;08/05/2024;28863,53;0;0;0;0;0;0;1594,30
202400000000112;11294402000162;02/03/2024;09/05/2024;13213,43;0;0;0;0;0;0;748,81
202400000000110;11294402000162;02/03/2024;09/05/2024;26426,84;0;0;0;0;0;0;1497,62
202400000000364;11294402000162;01/05/2024;09/05/2024;58488,14;0;0;0;0;0;0;3314,56
202400000000365;11294402000162;01/05/2024;09/05/2024;26426,84;0;0;0;0;0;0;1497,62
202400000000362;11294402000162;01/05/2024;09/05/2024;46246,97;0;0;0;0;0;0;2620,84
202400000000566;03904395000145;05/06/2024;09/05/2024;13309,79;0;0;0;0;0;0;711,09
202400000000567;03904395000145;05/06/2024;09/05/2024;13309,79;0;0;0;0;0;0;711,09
202400000000568;03904395000145;05/06/2024;09/05/2024;13309,79;0;0;0;0;0;0;711,09
202400000000578;03904395000145;05/06/2024;09/05/2024;13309,79;0;0;0;0;0;0;711,09
202400000000011;11168783000133;01/02/2024;10/05/2024;6929,25;0;0;0;0;0;0;392,68
202400000000008;11168783000133;01/02/2024;10/05/2024;41575,49;0;0;0;0;0;0;2356,11
202400000000017;11168783000133;01/02/2024;10/05/2024;9605,80;0;0;0;0;0;0;544,37
202400000000016;11168783000133;01/02/2024;10/05/2024;15709,26;0;0;0;0;0;0;890,25
202400000000561;13128780004784;02/06/2024;10/05/2024;9185,76;0;0;0;0;0;0;507,38
202400000000560;13128780004784;02/06/2024;10/05/2024;288,30;0;0;0;0;0;0;15,92
202400000000539;05050052000196;02/06/2024;10/05/2024;4751,37;0;0;0;0;0;0;262,45
202400000000521;49410081000197;01/06/2024;10/05/2024;7521,86;0;0;0;0;0;0;426,27
202400000000522;04556274000112;01/06/2024;10/05/2024;7521,86;0;0;0;0;0;0;426,27
202300000002053;13128780004512;21/01/2024;13/05/2024;14254,11;0;0;0;0;0;0;787,34
202400000000516;13168992000102;01/06/2024;14/05/2024;37609,30;0;0;0;0;0;0;2131,34
202400000000577;13128780003974;05/06/2024;14/05/2024;1188,79;0;0;0;0;0;0;65,66
202400000000538;13128780003974;01/06/2024;14/05/2024;22485,63;1271,22;0;0;177,70;820,14;273,38;1312,23
202400000000155;13128780004512;02/03/2024;13/05/2024;14254,11;0;0;0;0;0;0;787,34
202400000000156;13128780004512;02/03/2024;13/05/2024;9502,75;0;0;0;0;0;0;524,89
202400000000157;13128780004512;02/03/2024;13/05/2024;7215,88;0;0;0;0;0;0;398,58
202300000002048;17901209000129;21/01/2024;15/05/2024;52265,07;0;0;0;0;0;0;2886,91
202400000000586;34841226000137;09/06/2024;29/05/2024;5516,04;0;0;0;0;0;0;312,60
202400000000551;13128780004431;02/06/2024;29/05/2024;19005,48;0;0;0,01;0;0;0;1049,78
202400000000550;19432705000106;02/06/2024;15/05/2024;9502,75;0;0;0;0;0;0;524,89
202300000001668;17901209000129;01/11/2023;16/05/2024;8977,39;0;0;0;0;0;0;149,29
202400000000518;34841195000114;01/06/2024;17/05/2024;135393,48;0;0;0;0;0;0;7672,83
202400000000523;34850014000116;01/06/2024;17/05/2024;86187,32;0;0;0;0;0;0;4760,64
202400000000552;13128780004601;02/06/2024;17/05/2024;4751,37;0;0;0;0;0;0;262,45
202400000000525;18169809000107;01/06/2024;17/05/2024;33162,73;0;0;0;0;0;0;1831,77
202400000000517;15613813000124;01/06/2024;28/05/2024;30087,44;0;0;0;0;0;0;1705,07
202200000001450;34841226000137;02/11/2022;29/05/2024;15045,65;1765,13;0;0;0;0;0;0
202200000001630;34841226000137;01/12/2022;29/05/2024;15045,65;1765,13;0;0;0;0;0;0
202200000001862;34841226000137;31/12/2022;29/05/2024;15045,65;1765,13;0;0;0;0;0;0
202400000000519;49334482000105;01/06/2024;21/05/2024;7521,86;0;0;0;0;0;0;426,27
202400000000549;13128780003389;02/06/2024;21/05/2024;66519,18;0;0;0;0;0;0;3674,25
202400000000562;13128780010083;02/06/2024;22/05/2024;9513,86;0;0;0;0;0;0;525,51
202400000000563;13128780010083;02/06/2024;22/05/2024;22806,04;0;0;0;0;0;0;1259,71
202400000000564;13128780010083;02/06/2024;22/05/2024;144,16;0;0;0;0;0;0;7,96
202400000000565;13128780010083;02/06/2024;22/05/2024;4592,89;0;0;0;0;0;0;253,69
202400000000555;13128780009662;02/06/2024;23/05/2024;4751,37;0;0;0;0;0;0;262,45
202400000000556;13128780009662;02/06/2024;23/05/2024;4751,37;0;0;0;0;0;0;262,45
202400000000280;11168783000133;31/03/2024;27/05/2024;15709,26;0;0;0;0;0;0;890,25
202400000000279;11168783000133;31/03/2024;27/05/2024;21812,71;0;0;0;0;0;0;1236,14
202400000000282;11168783000133;31/03/2024;27/05/2024;65940,57;0;0;0;0;0;0;3736,89
202400000000382;15613813000124;01/05/2024;28/05/2024;30087,44;0;0;0;0;0;0;1705,07
202400000000376;11168783000133;01/05/2024;29/05/2024;65940,57;0;0;0;0;0;0;3736,89
202400000000377;11168783000133;01/05/2024;29/05/2024;21611,62;0;0;0;0;0;0;1224,74
202400000000369;11168783000133;01/05/2024;29/05/2024;21812,71;0;0;0;0;0;0;1236,14
202400000000520;08042554000163;01/06/2024;20/05/2024;7521,86;0;0;0;0;0;0;426,27
202400000000554;13128780004350;02/06/2024;20/05/2024;30972,73;0;0;0;0;0;0;1710,81
202400000000553;00796598000177;02/06/2024;14/05/2024;9502,75;0;0;0;0;0;0;524,89
202400000000610;11527108000153;27/06/2024;29/05/2024;11858;0;0;0;0;0;0;672
202400000000609;01679569000198;16/06/2024;04/06/2024;2599,20;0;0;0;0;0;0;0
202200000001534;26587830000150;05/11/2022;06/06/2024;475;0;0;0;0;0;0;0
202200000001992;17336019000106;07/01/2023;10/06/2024;266;0;0;0;0;0;0;0
202200000001571;17336019000106;09/11/2022;10/06/2024;299,25;0;0;0;0;0;0;0
202300000000130;17336019000106;05/02/2023;10/06/2024;299,25;0;0;0;0;0;0;0
202300000000291;17336019000106;09/03/2023;10/06/2024;299,25;0;0;0;0;0;0;0
202300000000755;17336019000106;10/05/2023;10/06/2024;432,25;0;0;0;0;0;0;0
202400000000614;13104740000110;30/06/2024;14/06/2024;37416,03;0;0;0;0;0;0;2066,71
202400000000695;13128855000144;07/07/2024;20/06/2024;254365,48;0;0;0;0;0;0;14415,05
202400000000734;14267717000109;17/07/2024;21/06/2024;351055,49;0;0;0;0;0;0;0
202400000000709;14267717000109;11/07/2024;12/06/2024;106810,22;0;0;0;0;0;0;0
202400000000596;10250158000254;16/06/2024;04/06/2024;95;0;0;0;0;0;0;0
202400000000604;35434511000104;16/06/2024;03/06/2024;95;0;0;0;0;0;0;0
202400000000591;03926703000133;16/06/2024;04/06/2024;171,64;0;0;0;0;0;0;0
202400000000593;11824146000178;16/06/2024;04/06/2024;222,41;0;0;0;0;0;0;0
202400000000595;12215304000155;16/06/2024;04/06/2024;139,32;0;0;0;0;0;0;0
202400000000597;09308955000185;16/06/2024;04/06/2024;95;0;0;0;0;0;0;0
202400000000599;00495095000161;16/06/2024;04/06/2024;896,56;0;0;0;0;0;0;0
202400000000600;18586862000103;16/06/2024;04/06/2024;95;0;0;0;0;0;0;0
202400000000602;04538231000104;16/06/2024;04/06/2024;95;0;0;0;0;0;0;0
202400000000603;22150907000170;16/06/2024;04/06/2024;278,26;0;0;0;0;0;0;0
202400000000605;15110859000120;16/06/2024;04/06/2024;349,73;0;0;0;0;0;0;0
202400000000608;04563500000192;16/06/2024;04/06/2024;415,15;0;0;0;0;0;0;0
202400000000606;16681740000251;16/06/2024;05/06/2024;1047,40;0;0;0;0;0;0;0
202400000000592;07821600000160;16/06/2024;06/06/2024;157,52;3,25;0;0;0;0;0;0
202400000000607;09618386000174;16/06/2024;06/06/2024;238,24;0;0;0;0;0;0;0
202400000000598;03963091000159;16/06/2024;12/06/2024;182,03;4,18;0;0;0;0;0;0
202400000000334;11757681000153;13/04/2024;13/06/2024;1170,53;0;0;0;0;0;0;66,33
202400000000456;11757681000153;08/05/2024;13/06/2024;1170,53;0;0;0;0;0;0;66,33
202400000000712;03926703000133;14/07/2024;21/06/2024;229,95;0;0;0;0;0;0;0
202400000000716;48673620000118;14/07/2024;21/06/2024;104,50;0;0;0;0;0;0;0
202400000000717;12215304000155;14/07/2024;24/06/2024;183,63;0;0;0;0;0;0;0
202400000000722;18586862000103;14/07/2024;25/06/2024;110,83;0;0;0;0;0;0;0
202400000000728;35434511000104;14/07/2024;25/06/2024;95;0;0;0;0;0;0;0
202400000000723;12612456000191;14/07/2024;26/06/2024;104,02;0;0;0;0;0;0;0
202400000000731;04563500000192;14/07/2024;26/06/2024;187,15;0;0;0;0;0;0;0
202400000000724;04538231000104;14/07/2024;27/06/2024;95;0;0;0;0;0;0;0
202400000000714;07821600000160;14/07/2024;28/06/2024;183,63;0;0;0;0;0;0;0
202400000000715;11824146000178;14/07/2024;28/06/2024;104,50;0;0;0;0;0;0;0
202400000000729;15110859000120;14/07/2024;28/06/2024;315,52;0;0;0;0;0;0;0
202400000000718;10250158000254;14/07/2024;26/06/2024;95;0;0;0;0;0;0;0
202400000000696;13128897000185;07/07/2024;10/06/2024;150000;0;0;0;0;0;0;18317,43
202400000000580;13095039000181;05/06/2024;03/06/2024;11121,70;0;0;0;0;0;0;606,64
202400000000686;12243697000100;03/07/2024;12/06/2024;81108,18;0;0;0;0;0;0;4424,08
202400000000691;12200168000120;04/07/2024;28/06/2024;95401,88;0;0;0;0;0;0;5203,74
202200000001974;13128889000139;06/01/2023;10/06/2024;31998,63;0;0;0;0;0;0;514,45
202300000000094;13128889000139;02/02/2023;12/06/2024;33748,71;0;0;0;0;0;0;542,58
202400000000367;11294402000162;01/05/2024;03/06/2024;13213,43;0;0;0;0;0;0;748,81
202400000000111;11294402000162;02/03/2024;03/06/2024;181458,51;0;0;0;0;0;0;10283,36
202400000000366;11294402000162;01/05/2024;03/06/2024;181458,51;0;0;0;0;0;0;10283,36
202400000000363;11294402000162;01/05/2024;03/06/2024;339318,35;0;0;0;0;0;0;19229,38
202400000000546;13128780004512;02/06/2024;03/06/2024;14254,11;0;0;0;0;0;0;787,34
202400000000547;13128780004512;02/06/2024;03/06/2024;9502,75;0;0;0;0;0;0;524,89
202400000000548;13128780004512;02/06/2024;03/06/2024;7215,88;0;0;0;0;0;0;398,58
202400000000541;17901209000129;02/06/2024;03/06/2024;23756,85;0;0;0;0;0;0;1312,23
202400000000542;17901209000129;02/06/2024;03/06/2024;9502,75;0;0;0;0;0;0;524,89
202400000000585;11718406000120;09/06/2024;04/06/2024;3046,47;0;0;0;0;0;0;168,27
202400000000544;17901209000129;02/06/2024;04/06/2024;14431,76;0;0;0;0;0;0;797,15
202400000000545;17901209000129;02/06/2024;04/06/2024;7215,88;0;0;0;0;0;0;398,58
202400000000526;11718406000120;01/06/2024;04/06/2024;14254,11;0;0;0;0;0;0;787,34
202400000000527;11718406000120;01/06/2024;04/06/2024;4751,37;0;0;0;0;0;0;262,45
202400000000528;11718406000120;01/06/2024;04/06/2024;9502,75;0;0;0;0;0;0;524,89
202400000000529;11718406000120;01/06/2024;04/06/2024;19005,48;0;0;0;0;0;0;1049,78
202400000000530;11718406000120;01/06/2024;04/06/2024;47513,70;0;0;0;0;0;0;2624,46
202400000000533;11718406000120;01/06/2024;04/06/2024;21647,64;0;0;0;0;0;0;1195,73
202400000000535;11718406000120;01/06/2024;04/06/2024;14431,76;0;0;0;0;0;0;797,15
202400000000531;11718406000120;01/06/2024;05/06/2024;71270,56;0;0;0;0;0;0;3936,69
202400000000534;11718406000120;01/06/2024;05/06/2024;50511,16;0;0;0;0;0;0;2790,03
202400000000536;11718406000120;01/06/2024;05/06/2024;21647,64;0;0;0;0;0;0;1195,73
202400000000537;11718406000120;01/06/2024;05/06/2024;28863,53;0;0;0;0;0;0;1594,30
202400000000557;13366927000191;02/06/2024;06/06/2024;45188;0;0;0;0;0;0;2496
202400000000368;11168783000133;01/05/2024;07/06/2024;44526,67;0;0;0;0;0;0;2523,35
202400000000370;11168783000133;01/05/2024;07/06/2024;15709,26;0;0;0;0;0;0;890,25
202400000000374;11168783000133;01/05/2024;07/06/2024;6929,25;0;0;0;0;0;0;392,68
202400000000506;11168783000133;01/06/2024;07/06/2024;44526,67;0;0;0;0;0;0;2523,35
202400000000507;11168783000133;01/06/2024;07/06/2024;21812,71;0;0;0;0;0;0;1236,14
202400000000508;11168783000133;01/06/2024;07/06/2024;15709,26;0;0;0;0;0;0;890,25
202400000000512;11168783000133;01/06/2024;07/06/2024;6929,25;0;0;0;0;0;0;392,68
202400000000543;17819159000135;02/06/2024;07/06/2024;4751,37;0;0;0;0;0;0;262,45
202400000000532;11718406000120;01/06/2024;07/06/2024;23756,85;0;0;0;0;0;0;1312,23
202400000000700;03904395000145;07/07/2024;10/06/2024;13309,79;0;0;0;0;0;0;711,09
202400000000701;03904395000145;07/07/2024;10/06/2024;13309,79;0;0;0;0;0;0;711,09
202400000000702;03904395000145;07/07/2024;10/06/2024;72878,60;0;0;0;0;0;0;4034,63
202400000000703;03904395000145;07/07/2024;10/06/2024;13309,79;0;0;0;0;0;0;711,09
202400000000704;03904395000145;07/07/2024;10/06/2024;13309,79;0;0;0;0;0;0;711,09
202400000000707;03904395000145;10/07/2024;10/06/2024;358274,55;0;0;0;0;0;0;19882,72
202400000000680;13128780004784;03/07/2024;11/06/2024;9502,75;0;0;0;0;0;0;524,89
202400000000693;18169809000107;05/07/2024;11/06/2024;33162,73;0;0;0;0;0;0;1831,77
202400000000540;17901209000129;02/06/2024;12/06/2024;52265,07;0;0;0;0;0;0;2886,91
202400000000640;34841195000114;03/07/2024;12/06/2024;135393,48;0;0;0;0;0;0;7672,83
202400000000706;03904395000145;07/07/2024;13/06/2024;93168,50;0;0;0;0;0;0;4977,64
202400000000673;13128780003389;03/07/2024;13/06/2024;66519,18;0;0;0;0;0;0;3674,25
202400000000661;13128780010083;03/07/2024;14/06/2024;32832,70;0;0;0;0;0;0;1813,54
202400000000662;13128780010083;03/07/2024;14/06/2024;4751,37;0;0;0;0;0;0;262,45
202400000000689;13128780003974;04/07/2024;14/06/2024;1776,65;0;0;0;0;0;0;98,13
202400000000692;13128780003974;04/07/2024;14/06/2024;23756,85;0;0;0;0;0;0;1312,23
202400000000513;11168783000133;01/06/2024;17/06/2024;65940,57;0;0;0;0;0;0;3736,89
202400000000514;11168783000133;01/06/2024;17/06/2024;21611,62;0;0;0;0;0;0;1224,74
202400000000663;05050052000196;03/07/2024;17/06/2024;4751,37;0;0;0;0;0;0;262,45
202400000000674;19432705000106;03/07/2024;17/06/2024;9502,75;0;0;0;0;0;0;524,89
202400000000678;00796598000177;03/07/2024;17/06/2024;9502,75;0;0;0;0;0;0;524,89
202400000000677;13128780004601;03/07/2024;18/06/2024;8552,38;0;0;0;0;0;0;472,40
202400000000688;34841195000114;04/07/2024;18/06/2024;6137,15;0;0;0;0;0;0;347,80
202400000000638;13168992000102;03/07/2024;20/06/2024;37609,30;0;0;0;0;0;0;2131,34
202400000000641;49334482000105;03/07/2024;20/06/2024;7521,86;0;0;0;0;0;0;426,27
202400000000646;34850014000116;03/07/2024;20/06/2024;86187,32;0;0;0;0;0;0;4760,64
202400000000679;13128780004350;03/07/2024;21/06/2024;30972,73;0;0;0;0;0;0;1710,81
202400000000643;08042554000163;03/07/2024;25/06/2024;7521,86;0;0;0;0;0;0;426,27
202400000000644;49410081000197;03/07/2024;25/06/2024;7521,86;0;0;0;0;0;0;426,27
202400000000645;04556274000112;03/07/2024;25/06/2024;7521,86;0;0;0;0;0;0;426,27
202400000000639;15613813000124;03/07/2024;26/06/2024;30087,44;0;0;0;0;0;0;1705,07
202400000000681;13128780009662;03/07/2024;26/06/2024;4751,37;0;0;0;0;0;0;262,45
202400000000682;13128780009662;03/07/2024;26/06/2024;4751,37;0;0;0;0;0;0;262,45
202400000000642;34841226000137;03/07/2024;27/06/2024;15043,72;0;0;0;0;0;0;852,54
202400000000648;11718406000120;03/07/2024;27/06/2024;14254,11;0;0;0;0;0;0;787,34
202400000000655;11718406000120;03/07/2024;27/06/2024;21647,64;0;0;0;0;0;0;1195,73
202400000000656;11718406000120;03/07/2024;27/06/2024;50511,16;0;0;0;0;0;0;2790,03
202400000000657;11718406000120;03/07/2024;27/06/2024;14431,76;0;0;0;0;0;0;797,15
202400000000659;11718406000120;03/07/2024;27/06/2024;28863,53;0;0;0;0;0;0;1594,30
202400000000664;17901209000129;03/07/2024;27/06/2024;52265,07;0;0;0;0;0;0;2886,91
202400000000241;11168783000133;31/03/2024;28/06/2024;41575,49;0;0;0;0;0;0;2356,11
202400000000245;11168783000133;31/03/2024;28/06/2024;6929,25;0;0;0;0;0;0;392,68
202400000000239;11168783000133;31/03/2024;28/06/2024;15709,26;0;0;0;0;0;0;890,25
202400000000281;11168783000133;31/03/2024;28/06/2024;9605,80;0;0;0;0;0;0;544,37
202400000000650;11718406000120;03/07/2024;28/06/2024;9502,75;0;0;0;0;0;0;524,89
202400000000649;11718406000120;03/07/2024;28/06/2024;4751,37;0;0;0;0;0;0;262,45
202400000000666;17901209000129;03/07/2024;28/06/2024;9502,75;0;0;0;0;0;0;524,89
202400000000668;17901209000129;03/07/2024;28/06/2024;14431,76;0;0;0;0;0;0;797,15
202400000000669;17901209000129;03/07/2024;28/06/2024;7215,88;0;0;0;0;0;0;398,58
202400000000670;13128780004512;03/07/2024;28/06/2024;14254,11;0;0;0;0;0;0;787,34
202400000000672;13128780004512;03/07/2024;28/06/2024;7215,88;0;0;0;0;0;0;398,58
202400000000675;13128780004431;03/07/2024;28/06/2024;19005,48;0;0;0;0;0;0;1049,78
202400000000683;20654940000101;03/07/2024;28/06/2024;2217,25;0;0;0;0;0;0;122,47
202400000000499;11049830000120;01/06/2024;05/06/2024;10436,73;0;0;0;0;0;0;591,46
202300000001366;11294402000162;18/08/2023;06/06/2024;21254,28;0;0;13367,60;0;0;0;1204,49
202300000001367;11294402000162;18/08/2023;06/06/2024;26567,84;0;0;18681,16;0;0;0;1505,62
202300000001509;34841226000137;28/09/2023;07/06/2024;9606,21;0;0;0;0;0;0;544,38
