202200000000847;10565000000192;09/07/2022;01/07/2022;1458,72;0;0;0;0;0;0;0
202200000000848;10565000000192;09/07/2022;01/07/2022;729,36;0;0;0;0;0;0;0
202200000000789;11718406000120;01/07/2022;04/07/2022;40590;0;0;0;0;0;0;675
202200000000732;44563716001810;16/06/2022;04/07/2022;912;0;0;0;0;0;0;0
202200000000830;69997096000100;09/07/2022;05/07/2022;570;0;0;0;0;0;0;0
202200000000804;17901209000129;01/07/2022;06/07/2022;13530;0;0;0;0;0;0;225
202200000000819;13018171000190;02/07/2022;06/07/2022;395046,75;0;0;0;3207,75;14805;4935;23688
202200000000810;11294402000162;01/07/2022;06/07/2022;67904,94;0;0;0;0;0;0;0
202200000000057;34841271000191;03/03/2022;07/07/2022;5953,21;0;0;0;0;0;0;101,47
202200000000822;18025659000168;07/07/2022;07/07/2022;684;0;0;0;0;0;0;0
202200000000832;13013263001078;09/07/2022;07/07/2022;1045;0;0;0;0;0;0;0
202200000000834;13013263001078;09/07/2022;07/07/2022;1045;0;0;0;0;0;0;0
202200000000842;04843468000107;09/07/2022;07/07/2022;1026;0;0;0;0;0;0;0
202200000000843;13013263001078;09/07/2022;07/07/2022;1045;0;0;0;0;0;0;0
202200000000845;03930531000503;09/07/2022;07/07/2022;342;0;0;0;0;0;0;0
202200000000863;03904395000145;29/07/2022;08/07/2022;10519,36;0;0;0;0;0;0;49,59
202200000000897;18169809000107;31/07/2022;11/07/2022;31119;0;0;0;0;0;0;517,50
202200000000930;11368671000126;31/07/2022;11/07/2022;7980,69;0;0;0;0;0;0;87,99
202200000000931;11368671000126;31/07/2022;11/07/2022;7980,69;0;0;0;0;0;0;87,99
202200000000864;03904395000145;29/07/2022;11/07/2022;10519,36;0;0;0;0;0;0;49,59
202200000000866;03904395000145;29/07/2022;11/07/2022;37961,06;0;0;0;0;0;0;148,78
202200000000862;03904395000145;29/07/2022;11/07/2022;10519,36;0;0;0;0;0;0;49,59
202200000000865;03904395000145;29/07/2022;11/07/2022;10519,36;0;0;0;0;0;0;49,59
202200000000867;03904395000145;29/07/2022;11/07/2022;73635,47;0;0;0;0;0;0;347,16
202200000000881;03904395000145;30/07/2022;11/07/2022;302530,59;0;0;0;0;0;0;2160,90
202200000000756;13104740000110;30/06/2022;11/07/2022;7574,07;0;0;0;0;0;0;137,71
202200000000755;13104740000110;30/06/2022;11/07/2022;8130,29;0;0;0;0;0;0;147,82
202200000000754;13104740000110;30/06/2022;11/07/2022;48781,76;0;0;0;0;0;0;886,94
202200000000774;34841271000191;01/07/2022;12/07/2022;5953,21;0;0;0;0;0;0;101,47
202200000000910;13128780003974;31/07/2022;12/07/2022;16236;0;0;0;0;0;0;270
202200000000891;34841195000114;31/07/2022;12/07/2022;108984,15;0;0;0;0;0;0;0
202200000000642;30903019000109;02/06/2022;12/07/2022;769,50;0;0;0;0;0;0;0
202200000000855;32718835000178;09/07/2022;12/07/2022;4528,25;588,66;0;0;0;0;0;0
202200000000933;12243697000100;31/07/2022;13/07/2022;68232,14;0;0;0;0;0;0;1121,01
202200000000769;13168992000102;01/07/2022;14/07/2022;30273,37;0;0;0;0;0;0;0
202200000000911;13128780010083;31/07/2022;14/07/2022;28413;0;0;0;0;0;0;472,50
202200000000912;13128780010083;31/07/2022;14/07/2022;4059;0;0;0;0;0;0;67,50
202200000000892;04556274000112;31/07/2022;14/07/2022;6054,68;0;0;0;0;0;0;0
202200000000936;44563716001810;04/08/2022;14/07/2022;988;0;0;0;0;0;0;0
202200000000938;34841195000114;05/08/2022;14/07/2022;1368,71;0;0;0;0;0;0;0
202200000000922;19432705000106;31/07/2022;15/07/2022;12177;0;0;0;0;0;0;202,50
202200000000923;13128780004431;31/07/2022;15/07/2022;12177;0;0;0;0;0;0;202,50
202200000000312;03402488000171;14/04/2022;18/07/2022;456;0;0;0;0;0;0;0
202200000000859;21316170000150;23/07/2022;18/07/2022;6144,60;0;0;0;0;0;0;0
202200000000963;18311885000105;12/08/2022;18/07/2022;1764;0;0;0;0;0;0;0
202200000000913;05050052000196;31/07/2022;18/07/2022;4059;0;0;0;0;0;0;67,50
202200000000921;13128780003389;31/07/2022;18/07/2022;56826;0;0;0;0;0;0;945
202200000000926;13128780004350;31/07/2022;18/07/2022;27060;0;0;0;0;0;0;450
202200000000939;13128897000185;05/08/2022;18/07/2022;147401,70;0;0;0;0;0;0;3021,49
202200000000857;04517241000244;20/07/2022;19/07/2022;7780,50;0;0;0;0;0;0;409,50
202200000000773;34841226000137;01/07/2022;20/07/2022;12109,35;0;0;0;0;0;0;0
202200000000952;10565000000192;06/08/2022;20/07/2022;1434,86;0;0;0;0;0;0;23,86
202200000000924;13128780004601;31/07/2022;20/07/2022;4059;0;0;0;0;0;0;67,50
202200000000971;02865831000151;14/08/2022;21/07/2022;380;0;0;0;0;0;0;0
202200000000973;13384059000172;17/08/2022;21/07/2022;988;0;0;0;0;0;0;0
202200000000900;11718406000120;31/07/2022;21/07/2022;8118;0;0;0;0;0;0;135
202200000000904;11718406000120;31/07/2022;21/07/2022;20295;0;0;0;0;0;0;337,50
202200000000889;13168992000102;31/07/2022;22/07/2022;30273,37;0;0;0;0;0;0;0
202200000000890;15613813000124;31/07/2022;22/07/2022;24218,70;0;0;0;0;0;0;0
202200000000902;11718406000120;31/07/2022;22/07/2022;40590;0;0;0;0;0;0;675
202200000000909;11718406000120;31/07/2022;22/07/2022;27060;0;0;0;0;0;0;450
202200000000928;13128780009662;31/07/2022;22/07/2022;4059;0;0;0;0;0;0;67,50
202200000000929;13128780009662;31/07/2022;22/07/2022;4059;0;0;0;0;0;0;67,50
202200000000927;13128780004784;31/07/2022;22/07/2022;8118;0;0;0;0;0;0;135
202200000001003;27189666000196;18/08/2022;25/07/2022;403,20;0;0;0;0;0;0;24
202200000001023;05126752000117;18/08/2022;25/07/2022;456;0;0;0;0;0;0;24
202200000000958;05126748000159;07/08/2022;26/07/2022;427,50;0;0;0;0;0;0;22,50
202200000000959;39249210000153;07/08/2022;26/07/2022;451,25;0;0;0;0;0;0;23,75
202200000000969;46720184000165;13/08/2022;26/07/2022;1425;0;0;0;0;0;0;75
202200000001000;01747578000179;18/08/2022;26/07/2022;1615;0;0;0;0;0;0;0
202200000000898;11718406000120;31/07/2022;27/07/2022;12177;0;0;0;0;0;0;202,50
202200000000901;11718406000120;31/07/2022;27/07/2022;16236;0;0;0;0;0;0;270
202200000000905;11718406000120;31/07/2022;27/07/2022;20295;0;0;0;0;0;0;337,50
202200000000906;11718406000120;31/07/2022;27/07/2022;47355;0;0;0;0;0;0;787,50
202200000000907;11718406000120;31/07/2022;27/07/2022;13530;0;0;0;0;0;0;225
202200000000908;11718406000120;31/07/2022;27/07/2022;20295;0;0;0;0;0;0;337,50
202200000000896;34850014000116;31/07/2022;28/07/2022;84450,37;0;0;0;0;0;0;1404,39
202200000001054;09209809000100;26/08/2022;28/07/2022;342;0;0;0;0;0;0;0
202200000001022;04843468000280;18/08/2022;29/07/2022;1178;0;0;0;0;0;0;0
202200000000942;13106935000107;05/08/2022;29/07/2022;16586,55;0;0;0;0;0;0;272,51
202200000000974;13384059000172;17/08/2022;29/07/2022;988;0;0;0;0;0;0;0
202200000000978;11452852000136;18/08/2022;29/07/2022;427,50;0;0;0;0;0;0;0
202200000000899;11718406000120;31/07/2022;01/08/2022;4059;0;0;0;0;0;0;67,50
202200000000869;29315061000120;30/07/2022;01/08/2022;531,05;0;0;0;0;0;0;0
202200000000871;02949016000413;30/07/2022;01/08/2022;1292;0;0;0;0;0;0;0
202200000001022;04843468000280;18/08/2022;01/08/2022;1178;0;0;0;0;0;0;0
202200000001007;29932278000189;18/08/2022;01/08/2022;475;0;0;0;0;0;0;0
202200000000992;00794431000177;18/08/2022;01/08/2022;570;0;0;0;0;0;0;0
202200000000998;43931923000170;18/08/2022;01/08/2022;399;0;0;0;0;0;0;0
202200000000868;05876992000139;29/07/2022;01/08/2022;760;0;0;0;0;0;0;0
202200000001052;04515488000221;25/08/2022;01/08/2022;285;0;0;0;0;0;0;0
202200000000914;17901209000129;31/07/2022;02/08/2022;40590;0;0;0;0;0;0;675
202200000000917;17901209000129;31/07/2022;02/08/2022;13530;0;0;0;0;0;0;225
202200000000879;08364485000295;30/07/2022;02/08/2022;570;0;0;0;0;0;0;0
202200000000880;12020066000122;30/07/2022;02/08/2022;380;0;0;0;0;0;0;0
202200000000888;18025659000168;31/07/2022;02/08/2022;684;0;0;0;0;0;0;0
202200000000955;23586875000112;07/08/2022;02/08/2022;570;0;0;0;0;0;0;0
202200000000956;44160820000116;07/08/2022;02/08/2022;570;0;0;0;0;0;0;0
202200000001039;41424393000148;18/08/2022;02/08/2022;570;0;0;0;0;0;0;0
202200000001046;42763782000160;19/08/2022;02/08/2022;332,50;0;0;0;0;0;0;0
202200000000872;24322398000493;30/07/2022;02/08/2022;4560;0;0;0;0;0;0;0
202200000000873;24322398000221;30/07/2022;02/08/2022;456;0;0;0;0;0;0;0
202200000000874;24322398000140;30/07/2022;02/08/2022;2755;0;0;0;0;0;0;0
202200000000875;24322398000736;30/07/2022;02/08/2022;3534;0;0;0;0;0;0;0
202200000000960;13128855000144;10/08/2022;02/08/2022;181337,77;0;0;0;0;0;0;2049,01
202200000000893;34841226000137;31/07/2022;03/08/2022;12109,35;0;0;0;0;0;0;0
202200000001071;04606375000150;28/08/2022;03/08/2022;142,50;0;0;0;0;0;0;0
202200000001073;28964988000128;28/08/2022;03/08/2022;142,50;0;0;0;0;0;0;0
202200000001075;35546159000190;28/08/2022;03/08/2022;142,50;0;0;0;0;0;0;0
202200000000962;28706043000106;11/08/2022;03/08/2022;912;0;0;0;0;0;0;0
202200000001056;03904395000145;26/08/2022;03/08/2022;10519,36;0;0;0;0;0;0;49,59
202200000001057;03904395000145;26/08/2022;03/08/2022;10519,36;0;0;0;0;0;0;49,59
202200000001058;03904395000145;26/08/2022;03/08/2022;10519,36;0;0;0;0;0;0;49,59
202200000001059;03904395000145;26/08/2022;03/08/2022;10519,33;0;0;0;0;0;0;49,59
202200000001060;03904395000145;26/08/2022;03/08/2022;40979,62;0;0;0;0;0;0;185,15
202200000001061;03904395000145;26/08/2022;03/08/2022;73635,47;0;0;0;0;0;0;347,16
202200000001062;03904395000145;26/08/2022;03/08/2022;314385,41;0;0;0;0;0;0;2303,73
202200000001065;10565000000192;27/08/2022;03/08/2022;1459,02;0;0;0;0;0;0;0
202200000000887;11294402000162;31/07/2022;04/08/2022;67904,94;0;0;0;0;0;0;0
202200000000894;34841271000191;31/07/2022;04/08/2022;5953,21;0;0;0;0;0;0;101,47
202200000000855;32718835000178;09/07/2022;04/08/2022;4528,25;860,36;0;0;0;0;0;0
202200000000886;11168783000133;31/07/2022;05/08/2022;8674,37;0;0;0;0;0;0;0
202200000000883;11168783000133;31/07/2022;05/08/2022;27376,96;0;0;0;0;0;0;0
202200000000884;11168783000133;31/07/2022;05/08/2022;72029,48;0;0;0;0;0;0;0
202200000000882;11168783000133;31/07/2022;05/08/2022;52046,20;0;0;0;0;0;0;0
202200000000885;11168783000133;31/07/2022;05/08/2022;8674,37;0;0;0;0;0;0;0
202200000000935;43445770000150;03/08/2022;05/08/2022;741;0;0;0;0;0;0;0
202200000001042;80464753000197;18/08/2022;05/08/2022;656,50;0;0;0;0;0;0;0
202200000001088;34841195000114;31/08/2022;08/08/2022;108984,15;0;0;0;0;0;0;0
202200000000903;11718406000120;31/07/2022;08/08/2022;60885;0;0;0;0;0;0;1012,50
202200000000950;03926703000133;06/08/2022;08/08/2022;234;0;0;0;0;0;0;0
202200000000919;13128780004512;31/07/2022;09/08/2022;12177;0;0;0;0;0;0;202,50
202200000000920;13128780004512;31/07/2022;09/08/2022;8118;0;0;0;0;0;0;135
202200000000715;01073457000199;15/06/2022;09/08/2022;722;47;0;0;0;0;0;0
202200000000731;34938543000176;16/06/2022;09/08/2022;855;0;0;0;0;0;0;0
202200000000948;13279320000174;06/08/2022;09/08/2022;570;0;0;0;0;0;0;0
202200000000947;26587830000150;06/08/2022;09/08/2022;617,50;0;0;0;0;0;0;0
202200000001001;01747578000179;18/08/2022;09/08/2022;1615;0;0;0;0;0;0;0
202200000001004;27189666000196;18/08/2022;09/08/2022;403,20;0;0;0;0;0;0;0
202200000000329;01073457000199;17/04/2022;09/08/2022;570;48;0;0;0;0;0;0
202200000000482;01073457000199;06/05/2022;09/08/2022;722;48;0;0;0;0;0;0
202200000001089;04556274000112;31/08/2022;09/08/2022;6054,68;0;0;0;0;0;0;0
202200000001104;13128780003974;31/08/2022;09/08/2022;16236;0;0;0;0;0;0;270
202200000000957;01073457000199;07/08/2022;10/08/2022;798;7,98;0;0;0;0;0;0
202200000000968;44563716001578;13/08/2022;10/08/2022;920;87,40;0;0;0;0;0;0
202200000001024;05126752000117;18/08/2022;10/08/2022;456;0;0;0;0;0;0;0
202200000000946;44563716001810;06/08/2022;10/08/2022;836;0;0;0;0;0;0;0
202200000001034;13104740000110;18/08/2022;10/08/2022;38836,89;0;0;0;0;0;0;645,85
202200000001077;13104740000110;28/08/2022;10/08/2022;21183,75;0;0;0;0;0;0;352,28
202200000000961;07811608000145;11/08/2022;11/08/2022;2090;0;0;0;0;0;0;0
202200000001087;15613813000124;31/08/2022;11/08/2022;24218,70;0;0;0;0;0;0;0
202200000001092;18169809000107;31/08/2022;11/08/2022;31119;0;0;0;0;0;0;517,50
202200000001127;10565000000192;01/09/2022;11/08/2022;717,43;0;0;0;0;0;0;11,93
202200000001128;10565000000192;01/09/2022;11/08/2022;1434,86;0;0;0;0;0;0;23,86
202200000001129;10565000000192;01/09/2022;11/08/2022;2152,30;0;0;0;0;0;0;35,79
202200000001130;10565000000192;01/09/2022;11/08/2022;1434,86;0;0;0;0;0;0;23,86
202200000001066;32876089000140;27/08/2022;11/08/2022;475;0;0;0;0;0;0;0
202200000001164;34841195000114;04/09/2022;11/08/2022;1861,94;0;0;0;0;0;0;0
202200000000916;17901209000129;31/07/2022;12/08/2022;8118;0;0;0;0;0;0;135
202200000000966;01679569000198;13/08/2022;12/08/2022;1140;0;0;0;0;0;0;0
202200000001105;13128780010083;31/08/2022;12/08/2022;28413;0;0;0;0;0;0;472,50
202200000001106;13128780010083;31/08/2022;12/08/2022;4059;0;0;0;0;0;0;67,50
202200000001115;13128780003389;31/08/2022;12/08/2022;56826;0;0;0;0;0;0;945
202200000001117;13128780004431;31/08/2022;12/08/2022;12177;0;0;0;0;0;0;202,50
202200000001044;32718835000178;18/08/2022;12/08/2022;1995;139,66;0;0;0;0;0;0
202200000000965;01679569000198;13/08/2022;12/08/2022;1140;0;0;0;0;0;0;0
202200000000825;43061782000181;07/07/2022;15/08/2022;14672;0;0;0;0;0;0;0
202200000000999;43931923000170;18/08/2022;15/08/2022;399;0;0;0;0;0;0;0
202200000000993;00794431000177;18/08/2022;15/08/2022;570;0;0;0;0;0;0;0
202200000000979;11452852000136;18/08/2022;15/08/2022;427,50;0;0;0;0;0;0;0
202200000000982;02668961000102;18/08/2022;15/08/2022;496,85;0;0;0;0;0;0;0
202200000001002;08364485000295;18/08/2022;15/08/2022;570;0;0;0;0;0;0;0
202200000001008;29932278000189;18/08/2022;15/08/2022;475;0;0;0;0;0;0;0
202200000000951;22150907000170;06/08/2022;15/08/2022;338,24;0;0;0;0;0;0;0
202200000000632;10437005000130;01/06/2022;16/08/2022;2381,28;0;0;0;0;0;0;40,59
202200000000964;18311885000105;12/08/2022;16/08/2022;1764;0;0;0;0;0;0;0
202200000000977;23586875000112;18/08/2022;16/08/2022;570;0;0;0;0;0;0;0
202200000001009;44160820000116;18/08/2022;16/08/2022;570;0;0;0;0;0;0;0
202200000001040;41424393000148;18/08/2022;16/08/2022;570;0;0;0;0;0;0;0
202200000001047;42763782000160;19/08/2022;16/08/2022;332,50;0;0;0;0;0;0;0
202200000001049;21316170000150;24/08/2022;16/08/2022;4435,55;0;0;0;0;0;0;0
202200000001091;34850014000116;31/08/2022;16/08/2022;84450,37;0;0;0;0;0;0;1404,39
202200000001116;19432705000106;31/08/2022;16/08/2022;12177;0;0;0;0;0;0;202,50
202200000001118;13128780004601;31/08/2022;16/08/2022;4059;0;0;0;0;0;0;67,50
202200000001140;10840716000908;02/09/2022;16/08/2022;632,94;0;0;0;0;0;0;0
202200000001180;30903019000109;08/09/2022;16/08/2022;1111,50;0;0;0;0;0;0;0
202200000001181;30903019000109;08/09/2022;16/08/2022;940,50;0;0;0;0;0;0;0
202200000001072;04606375000150;28/08/2022;17/08/2022;142,50;0;0;0;0;0;0;0
202200000001074;28964988000128;28/08/2022;17/08/2022;142,50;0;0;0;0;0;0;0
202200000001076;35546159000190;28/08/2022;17/08/2022;142,50;0;0;0;0;0;0;0
202200000001107;05050052000196;31/08/2022;17/08/2022;4059;0;0;0;0;0;0;67,50
202200000001120;13128780004350;31/08/2022;17/08/2022;27060;0;0;0;0;0;0;450
202200000000986;39940559000137;18/08/2022;18/08/2022;1064;21,28;0;0;0;0;0;0
202200000000302;32718835000178;13/04/2022;18/08/2022;4179,93;0;0;0;0;0;0;0
202200000001093;11718406000120;31/08/2022;18/08/2022;12177;0;0;0;0;0;0;202,50
202200000001094;11718406000120;31/08/2022;18/08/2022;4059;0;0;0;0;0;0;67,50
202200000001095;11718406000120;31/08/2022;18/08/2022;8118;0;0;0;0;0;0;135
202200000001097;11718406000120;31/08/2022;18/08/2022;40590;0;0;0;0;0;0;675
202200000001099;11718406000120;31/08/2022;18/08/2022;20295;0;0;0;0;0;0;337,50
202200000001101;11718406000120;31/08/2022;18/08/2022;13530;0;0;0;0;0;0;225
202200000001200;11718406000120;10/09/2022;18/08/2022;47355,50;0;0;0;0;0;0;787,50
202200000000932;11368671000126;31/07/2022;19/08/2022;28931,98;0;0;0;0;0;0;318,99
202200000001005;17428731016643;18/08/2022;19/08/2022;456;0;0;0;0;0;0;0
202200000001096;11718406000120;31/08/2022;19/08/2022;16236;0;0;0;0;0;0;270
202200000001100;11718406000120;31/08/2022;19/08/2022;20295;0;0;0;0;0;0;337,50
202200000001102;11718406000120;31/08/2022;19/08/2022;20295;0;0;0;0;0;0;337,50
202200000001103;11718406000120;31/08/2022;19/08/2022;27060;0;0;0;0;0;0;450
202200000001098;11718406000120;31/08/2022;19/08/2022;60885;0;0;0;0;0;0;1012,50
202200000001203;13128897000185;11/09/2022;19/08/2022;138000;0;0;0;0;0;0;2936,87
202200000001137;21008341000183;02/09/2022;22/08/2022;456;0;0;0;0;0;0;0
202200000000972;02865831000151;14/08/2022;23/08/2022;380;0;0;0;0;0;0;0
202200000001122;13128780009662;31/08/2022;23/08/2022;4059;0;0;0;0;0;0;67,50
202200000001123;13128780009662;31/08/2022;23/08/2022;4059;0;0;0;0;0;0;67,50
202200000001080;11168783000133;31/08/2022;23/08/2022;52046,20;0;0;0;0;0;0;0
202200000001081;11168783000133;31/08/2022;23/08/2022;27376,96;0;0;0;0;0;0;0
202200000001082;11168783000133;31/08/2022;23/08/2022;72029,48;0;0;0;0;0;0;0
202200000001083;11168783000133;31/08/2022;23/08/2022;8674,37;0;0;0;0;0;0;0
202200000001084;11168783000133;31/08/2022;23/08/2022;8674,37;0;0;0;0;0;0;0
202200000001141;06091465000181;02/09/2022;23/08/2022;617,50;0;0;0;0;0;0;0
202200000001144;34938543000176;02/09/2022;23/08/2022;855;0;0;0;0;0;0;0
202200000000527;80464753000197;18/05/2022;24/08/2022;656,50;0;0;0;0;0;0;0
202200000001186;80464753000197;08/09/2022;24/08/2022;656,50;0;0;0;0;0;0;0
202200000000970;46720184000165;13/08/2022;25/08/2022;1425;57;0;0;0;0;0;0
202200000000934;13096029000160;31/07/2022;25/08/2022;11407,39;0;0;0;0;0;0;191,83
202200000000941;13018171000190;05/08/2022;25/08/2022;37955,96;0;0;0;308,20;1422,46;474,15;2275,94
202200000001086;13168992000102;31/08/2022;25/08/2022;30273,37;0;0;0;0;0;0;0
202200000001121;13128780004784;31/08/2022;25/08/2022;8118;0;0;0;0;0;0;135
202200000000828;13018171000190;09/07/2022;25/08/2022;34178,54;0;0;0;277,53;1280,89;426,96;2049,43
202200000001045;39249210000153;19/08/2022;26/08/2022;451,25;0;0;0;0;0;0;0
202200000000980;05126748000159;18/08/2022;26/08/2022;427,50;0;0;0;0;0;0;0
202200000001050;04517241000244;24/08/2022;26/08/2022;7239;0;0;0;0;0;0;0
202200000001051;04517241000244;24/08/2022;26/08/2022;6792,50;0;0;0;0;0;0;0
202200000001053;04515488000221;25/08/2022;29/08/2022;285;0;0;0;0;0;0;0
202200000001055;04843468000280;26/08/2022;29/08/2022;1064;0;0;0;0;0;0;0
202200000001048;05876992000139;21/08/2022;30/08/2022;712,50;0;0;0;0;0;0;0
202200000001063;29315061000120;27/08/2022;30/08/2022;612,75;0;0;0;0;0;0;0
202200000000925;00796598000177;31/07/2022;31/08/2022;8118;0;0;0;0;0;0;135
202200000000989;26587830000150;18/08/2022;31/08/2022;475;0;0;0;0;0;0;0
202200000000142;12285276000142;16/03/2022;31/08/2022;5462,50;0;0;0;0;0;0;0
202200000001119;00796598000177;31/08/2022;31/08/2022;8118;0;0;0;0;0;0;135
202200000001064;27216869001872;27/08/2022;31/08/2022;902,50;0;0;0;0;0;0;0
202200000001146;12020066000122;02/09/2022;31/08/2022;380;0;0;0;0;0;0;0
202200000001067;32876089000140;27/08/2022;31/08/2022;475;0;0;0;0;0;0;0
202200000001233;09209809000100;28/09/2022;31/08/2022;532;0;0;0;0;0;0;0
202200000001108;17901209000129;31/08/2022;01/09/2022;40590;0;0;0;0;0;0;675
202200000001113;13128780004512;31/08/2022;01/09/2022;12177;0;0;0;0;0;0;202,50
202200000001114;13128780004512;31/08/2022;01/09/2022;8118;0;0;0;0;0;0;135
202200000001190;13128855000144;08/09/2022;01/09/2022;167698,91;0;0;0;0;0;0;1894,90
202200000000333;12285276000142;17/04/2022;01/09/2022;5462,50;0;0;0;0;0;0;0
202200000000805;17901209000129;01/07/2022;02/09/2022;6765;0;0;0;0;0;0;112,50
202200000001085;18025659000168;31/08/2022;02/09/2022;684;0;0;0;0;0;0;0
202200000001216;03926703000133;17/09/2022;02/09/2022;246,75;0;0;0;0;0;0;0
202200000001217;22150907000170;17/09/2022;05/09/2022;364,06;0;0;0;0;0;0;0
202200000000940;13018171000190;05/08/2022;06/09/2022;395046,75;0;0;0;3207,75;14805;4935;23688
202200000001148;00794431000177;02/09/2022;06/09/2022;570;0;0;0;0;0;0;0
202200000001149;43931923000170;02/09/2022;06/09/2022;399;0;0;0;0;0;0;0
202200000001155;13279320000174;03/09/2022;06/09/2022;285;0;0;0;0;0;0;0
202200000001156;07811608000145;03/09/2022;06/09/2022;2565;0;0;0;0;0;0;0
202200000001162;23586875000112;03/09/2022;06/09/2022;570;0;0;0;0;0;0;0
202200000001169;13018171000190;04/09/2022;06/09/2022;42712,48;0;0;0;346,82;1600,72;533,57;2561,15
202200000001090;34841226000137;31/08/2022;08/09/2022;12109,35;0;0;0;0;0;0;0
202200000001006;17428731016643;18/08/2022;08/09/2022;456;0;0;0;0;0;0;0
202200000001165;24322398000493;04/09/2022;08/09/2022;4408;0;0;0;0;0;0;0
202200000001167;24322398000140;04/09/2022;08/09/2022;2755;0;0;0;0;0;0;0
202200000001168;24322398000736;04/09/2022;08/09/2022;2850;0;0;0;0;0;0;0
202200000001166;24322398000221;04/09/2022;08/09/2022;456;0;0;0;0;0;0;0
202200000000464;12285276000142;06/05/2022;08/09/2022;5462,50;0;0;0;0;0;0;0
202200000001224;02949016000413;17/09/2022;09/09/2022;1292;0;0;0;0;0;0;0
202200000000878;13104740000110;30/07/2022;09/09/2022;7574,07;0;0;0;0;0;0;137,71
202200000001300;34841195000114;01/10/2022;09/09/2022;10898,41;0;0;0;0;0;0;0
202200000001138;21008341000183;02/09/2022;12/09/2022;456;0;0;0;0;0;0;0
202200000001142;06091465000181;02/09/2022;12/09/2022;617,50;0;0;0;0;0;0;0
202200000001136;13128780003974;02/09/2022;12/09/2022;5187,94;0;0;0;0;0;0;86,27
202200000001261;18169809000107;01/10/2022;12/09/2022;31119;0;0;0;0;0;0;517,50
202200000001277;13128780003974;01/10/2022;12/09/2022;16236;0;0;0;0;0;0;270
202200000001310;03904395000145;05/10/2022;12/09/2022;10519,36;0;0;0;0;0;0;49,59
202200000001309;03904395000145;05/10/2022;12/09/2022;10519,36;0;0;0;0;0;0;49,59
202200000001311;03904395000145;05/10/2022;12/09/2022;53328,77;0;0;0;0;0;0;333,94
202200000001308;03904395000145;05/10/2022;12/09/2022;10519,36;20;0;0;0;0;0;49,59
202200000001307;03904395000145;05/10/2022;12/09/2022;10519,36;0;0;0;0;0;0;49,59
202200000001109;17901209000129;31/08/2022;13/09/2022;20295;0;0;0;0;0;0;337,50
202200000001110;17901209000129;31/08/2022;13/09/2022;8118;0;0;0;0;0;0;135
202200000001111;17901209000129;31/08/2022;13/09/2022;13530;0;0;0;0;0;0;225
202200000001112;17901209000129;31/08/2022;13/09/2022;6765;0;0;0;0;0;0;112,50
202200000001157;44563716001810;03/09/2022;13/09/2022;836;0;0;0;0;0;0;0
202200000001172;27189666000196;07/09/2022;13/09/2022;403,20;0;0;0;0;0;0;0
202200000001209;05126752000117;14/09/2022;13/09/2022;403,20;0;0;0;0;0;0;0
202200000001177;29932278000189;08/09/2022;13/09/2022;475;14,25;0;0;0;0;0;0
202200000001192;11452852000136;09/09/2022;13/09/2022;427,50;0;0;0;0;0;0;0
202200000001278;13128780010083;01/10/2022;13/09/2022;28413;0;0;0;0;0;0;472,50
202200000001279;13128780010083;01/10/2022;13/09/2022;4059;0;0;0;0;0;0;67,50
202200000001333;03904395000145;12/10/2022;13/09/2022;313836,58;0;0;0;0;0;0;2297,11
202200000001334;03904395000145;12/10/2022;13/09/2022;73635,47;0;0;0;0;0;0;347,16
202200000001238;13104740000110;30/09/2022;13/09/2022;40602,20;0;0;0;0;0;0;675,20
202200000001322;13128897000185;06/10/2022;13/09/2022;110000,00;0;0;0;0;0;0;2900,16
202200000001322;13128897000185;06/10/2022;28/09/2022;146663,89;0;0;0;0;0;0;0
202200000001151;42763782000160;03/09/2022;14/09/2022;332,50;29,92;0;0;0;0;0;0
202200000001197;18311885000105;09/09/2022;14/09/2022;1764;0;0;0;0;0;0;0
202200000001182;32718835000178;08/09/2022;14/09/2022;4528,25;226,41;0;0;0;0;0;0
202200000001134;12243697000100;01/09/2022;14/09/2022;66479,18;0;0;0;0;0;0;1092,21
202200000001256;04556274000112;01/10/2022;14/09/2022;605,46;0;0;0;0;0;0;0
202200000001330;34841195000114;08/10/2022;14/09/2022;127637,25;0;0;0;0;0;0;0
202200000001304;12243697000100;02/10/2022;14/09/2022;67530,96;0;0;0;0;0;0;1109,49
202200000000680;12285276000142;10/06/2022;15/09/2022;5462,50;0;0;0;0;0;0;0
202200000001221;02223966010348;17/09/2022;15/09/2022;665;0;0;0;0;0;0;0
202200000000775;10437005000130;01/07/2022;16/09/2022;5953,21;0;0;0;0;0;0;101,47
202200000000895;10437005000130;31/07/2022;16/09/2022;5953,21;0;0;0;0;0;0;101,47
202200000001140;10840716000908;02/09/2022;16/09/2022;632,94;0;0;0;0;0;0;0
202200000001171;44160820000116;07/09/2022;16/09/2022;570;0;0;0;0;0;0;0
202200000001193;41424393000148;09/09/2022;16/09/2022;570;0;0;0;0;0;0;0
202200000001240;32876089000140;30/09/2022;16/09/2022;475;0;0;0;0;0;0;0
202200000001195;26587830000150;09/09/2022;16/09/2022;475;0;0;0;0;0;0;0
202200000001196;02668961000102;09/09/2022;16/09/2022;496,85;0;0;0;0;0;0;0
202200000001199;08364485000295;09/09/2022;16/09/2022;570;0;0;0;0;0;0;0
202200000001288;13128780003389;01/10/2022;16/09/2022;56826;0;0;0;0;0;0;945
202200000001289;19432705000106;01/10/2022;16/09/2022;12177;0;0;0;0;0;0;202,50
202200000001331;13018171000190;08/10/2022;16/09/2022;395046,75;0;0;0;3207,75;14805;4935;23688
202200000001318;11049830000120;06/10/2022;16/09/2022;8448,80;0;0;0;0;0;0;0
202200000000967;43061782000181;13/08/2022;19/09/2022;14672;0;0;0;0;0;0;528
202200000001301;10565000000192;02/10/2022;19/09/2022;717,43;0;0;0;0;0;0;11,93
202200000001175;43061782000181;08/09/2022;20/09/2022;14672;0;0;0;0;0;0;528
202200000001159;01747578000179;03/09/2022;20/09/2022;1615;0;0;0;0;0;0;0
202200000001218;10840716000908;17/09/2022;20/09/2022;741;0;0;0;0;0;0;0
202200000001219;27216869001872;17/09/2022;20/09/2022;674,50;0;0;0;0;0;0;0
202200000001220;04843468000280;17/09/2022;20/09/2022;1064;0;0;0;0;0;0;0
202200000001222;05876992000139;17/09/2022;20/09/2022;798;0;0;0;0;0;0;0
202200000001227;29315061000120;18/09/2022;20/09/2022;865;0;0;0;0;0;0;0
202200000001230;12303616000463;18/09/2022;20/09/2022;1596;0;0;0;0;0;0;0
202200000001231;12303616000200;18/09/2022;20/09/2022;1596;0;0;0;0;0;0;0
202200000001280;05050052000196;01/10/2022;20/09/2022;4059;0;0;0;0;0;0;67,50
202200000001290;13128780004431;01/10/2022;20/09/2022;12177;0;0;0;0;0;0;202,50
202200000001387;03926703000133;16/10/2022;20/09/2022;237,75;0;0;0;0;0;0;0
202200000001145;46720184000165;02/09/2022;21/09/2022;1425;0;0;0;0;0;0;0
202200000001204;02865831000151;14/09/2022;21/09/2022;380;0;0;0;0;0;0;0
202200000001260;34850014000116;01/10/2022;21/09/2022;84450,37;0;0;0;0;0;0;1404,39
202200000001291;13128780004601;01/10/2022;21/09/2022;4059;0;0;0;0;0;0;67,50
202200000001257;04556274000112;01/10/2022;21/09/2022;7021,30;0;0;0;0;0;0;0
202200000001324;14391014000198;06/10/2022;21/09/2022;4275;0;0;0;0;0;0;0
202200000001020;12285276000142;18/08/2022;22/09/2022;5462,50;0;0;0;0;0;0;0
202200000001191;13096029000160;08/09/2022;22/09/2022;0;0;0;0;0;0;0;180,54
202200000001251;15613813000124;01/10/2022;22/09/2022;2421,87;0;0;0;0;0;0;0
202200000001252;15613813000124;01/10/2022;22/09/2022;28085,20;0;0;0;0;0;0;0
202200000001183;32718835000178;08/09/2022;23/09/2022;1995;578,55;0;0;0;0;0;0
202200000001295;13128780009662;01/10/2022;23/09/2022;4059;0;0;0;0;0;0;67,50
202200000001296;13128780009662;01/10/2022;23/09/2022;4059;0;0;0;0;0;0;67,50
202200000001299;11368671000126;01/10/2022;23/09/2022;28931,98;0;0;0;0;0;0;318,99
202200000001294;13128780004784;01/10/2022;26/09/2022;8118;0;0;0;0;0;0;135
202200000001144;34938543000176;02/09/2022;27/09/2022;855;0;0;0;0;0;0;0
202200000001150;04515488000221;02/09/2022;27/09/2022;285;0;0;0;0;0;0;0
202200000001160;05126748000159;03/09/2022;27/09/2022;427,50;0;0;0;0;0;0;0
202200000001161;39249210000153;03/09/2022;27/09/2022;451,25;0;0;0;0;0;0;0
202200000001205;39940559000137;14/09/2022;27/09/2022;1064;0;0;0;0;0;0;0
202200000001210;24322398000493;16/09/2022;27/09/2022;4408;0;0;0;0;0;0;0
202200000001211;24322398000140;16/09/2022;27/09/2022;2755;0;0;0;0;0;0;0
202200000001212;24322398000736;16/09/2022;27/09/2022;3192;0;0;0;0;0;0;0
202200000001213;24322398000221;16/09/2022;27/09/2022;456;0;0;0;0;0;0;0
202200000001263;11718406000120;01/10/2022;27/09/2022;4059;0;0;0;0;0;0;67,50
202200000001292;00796598000177;01/10/2022;27/09/2022;8118;0;0;0;0;0;0;135
202200000001424;09209809000100;22/10/2022;27/09/2022;532;0;0;0;0;0;0;0
202200000001198;17428731016643;09/09/2022;28/09/2022;456;0;0;0;0;0;0;0
202200000001269;11718406000120;01/10/2022;28/09/2022;60885;0;0;0;0;0;0;1012,50
202200000001270;11718406000120;01/10/2022;28/09/2022;20295;0;0;0;0;0;0;337,50
202200000001272;11718406000120;01/10/2022;28/09/2022;47355;0;0;0;0;0;0;787,50
202200000001275;11718406000120;01/10/2022;28/09/2022;12177;0;0;0;0;0;0;202,50
202200000001276;11718406000120;01/10/2022;28/09/2022;27060;0;0;0;0;0;0;450
202200000001325;80464753000197;06/10/2022;28/09/2022;649,66;0;0;0;0;0;0;0
202200000000679;09133730000135;10/06/2022;29/09/2022;456;0;0;0;0;0;0;0
202200000001018;09133730000135;18/08/2022;29/09/2022;380;0;0;0;0;0;0;0
202200000001021;12285276000142;18/08/2022;29/09/2022;5462,50;0;0;0;0;0;0;0
202200000001019;09133730000135;18/08/2022;29/09/2022;380;0;0;0;0;0;0;0
202200000001229;09133730000135;18/09/2022;29/09/2022;380;0;0;0;0;0;0;0
202200000000180;09133730000135;27/03/2022;29/09/2022;380;0;0;0;0;0;0;0
202200000000313;09133730000135;14/04/2022;29/09/2022;380;0;0;0;0;0;0;0
202200000000462;09133730000135;06/05/2022;29/09/2022;380;0;0;0;0;0;0;0
202200000001264;11718406000120;01/10/2022;29/09/2022;8118;0;0;0;0;0;0;135
202200000001266;11718406000120;01/10/2022;29/09/2022;16236;0;0;0;0;0;0;270
202200000001268;11718406000120;01/10/2022;29/09/2022;40590;0;0;0;0;0;0;675
202200000001271;11718406000120;01/10/2022;29/09/2022;20295;0;0;0;0;0;0;337,50
202200000001273;11718406000120;01/10/2022;29/09/2022;13530;0;0;0;0;0;0;225
202200000001274;11718406000120;01/10/2022;29/09/2022;20295;0;0;0;0;0;0;337,50
202200000001337;13128855000144;12/10/2022;29/09/2022;175550,20;0;0;0;0;0;0;1983,62
202200000001388;22150907000170;16/10/2022;29/09/2022;277,43;0;0;0;0;0;0;0
202200000001139;21008341000183;02/09/2022;03/10/2022;456;0;0;0;0;0;0;0
202200000001143;06091465000181;02/09/2022;03/10/2022;617,50;0;0;0;0;0;0;0
202200000001147;12020066000122;02/09/2022;03/10/2022;380;0;0;0;0;0;0;0
202200000001225;02949016000413;17/09/2022;03/10/2022;1130,50;0;0;0;0;0;0;0
202200000001234;18025659000168;28/09/2022;03/10/2022;684;0;0;0;0;0;0;0
202200000001335;10565000000192;12/10/2022;03/10/2022;729,36;0;0;0;0;0;0;0
202200000001243;13168992000102;01/10/2022;04/10/2022;3027,33;0;0;0;0;0;0;0
202200000001282;17901209000129;01/10/2022;04/10/2022;20295;0;0;0;0;0;0;337,50
202200000001283;17901209000129;01/10/2022;04/10/2022;8118;0;0;0;0;0;0;135
202200000001284;17901209000129;01/10/2022;04/10/2022;13530;0;0;0;0;0;0;225
202200000001286;13128780004512;01/10/2022;04/10/2022;12177;0;0;0;0;0;0;202,50
202200000001287;13128780004512;01/10/2022;04/10/2022;8118;0;0;0;0;0;0;135
202200000000915;17901209000129;31/07/2022;04/10/2022;20295;0;0;0;0;0;0;337,50
202200000001302;05876992000139;02/10/2022;04/10/2022;802,75;0;0;0;0;0;0;0
202200000001327;13168992000102;08/10/2022;04/10/2022;33852,72;0;0;0;0;0;0;0
202200000001250;11168783000133;01/10/2022;05/10/2022;8674,37;0;0;0;0;0;0;0
202200000001312;07811608000145;05/10/2022;05/10/2022;2945;0;0;0;0;0;0;0
202200000001316;04515488000221;05/10/2022;05/10/2022;475;0;0;0;0;0;0;0
202200000001132;13018171000190;01/09/2022;06/10/2022;395046,75;0;0;0;3207,75;14805;4935;23688
202200000001079;11294402000162;31/08/2022;06/10/2022;67904,94;0;0;0;0;0;0;0
202200000001144;34938543000176;02/09/2022;06/10/2022;855;0;0;0;0;0;0;0
202200000001214;12285276000142;16/09/2022;06/10/2022;5462,50;0;0;0;0;0;0;0
202200000001332;13018171000190;08/10/2022;06/10/2022;35135,73;0;0;0;285,30;1316,77;438,92;2106,83
202200000001428;03904395000145;29/10/2022;06/10/2022;10519,36;0;0;0;0;0;0;49,59
202200000001438;13104740000110;30/10/2022;06/10/2022;38836,89;0;0;0;0;0;0;645,85
202200000001258;34841226000137;01/10/2022;07/10/2022;1210,93;0;0;0;0;0;0;0
202200000000177;09628926000109;27/03/2022;07/10/2022;598,50;0;0;0;0;0;0;0
202200000000328;09628926000109;17/04/2022;07/10/2022;598,50;0;0;0;0;0;0;0
202200000000489;09628926000109;06/05/2022;07/10/2022;598,50;0;0;0;0;0;0;0
202200000001466;13128780003974;02/11/2022;07/10/2022;16236;0;0;0;0;0;0;270
202200000001429;03904395000145;29/10/2022;07/10/2022;10519,36;0;0;0;0;0;0;49,59
202200000001430;03904395000145;29/10/2022;07/10/2022;10519,36;0;0;0;0;0;0;49,59
202200000001431;03904395000145;29/10/2022;07/10/2022;10519,36;0;0;0;0;0;0;49,59
202200000001432;03904395000145;29/10/2022;07/10/2022;62659,16;0;0;0;0;0;0;446,35
202200000001126;11368671000126;31/08/2022;10/10/2022;28931,98;0;0;0;0;0;0;318,99
202200000001293;13128780004350;01/10/2022;10/10/2022;27060;0;0;0;0;0;0;450
202200000000949;11757681000153;06/08/2022;10/10/2022;1110,23;0;0;0;0;0;0;12,54
202200000000302;32718835000178;13/04/2022;10/10/2022;4179,92;0;0;0;0;0;0;0
202200000001448;34841195000114;02/11/2022;10/10/2022;150456,48;0;0;0;0;0;0;0
202200000001453;18169809000107;02/11/2022;10/10/2022;31119;0;0;0;0;0;0;517,50
202200000001246;11168783000133;01/10/2022;11/10/2022;27376,96;0;0;0;0;0;0;0
202200000001247;11168783000133;01/10/2022;11/10/2022;72029,48;0;0;0;0;0;0;0
202200000001245;11168783000133;01/10/2022;11/10/2022;52046,20;0;0;0;0;0;0;0
202200000001249;11168783000133;01/10/2022;11/10/2022;8674,37;0;0;0;0;0;0;0
202200000001348;01747578000179;13/10/2022;11/10/2022;1615;0;0;0;0;0;0;0
202200000001356;27189666000196;13/10/2022;11/10/2022;403,20;0;0;0;0;0;0;0
202200000001357;05126752000117;13/10/2022;11/10/2022;403,20;0;0;0;0;0;0;0
202200000001425;43061782000181;22/10/2022;11/10/2022;14672;0;0;0;0;0;0;0
202200000001449;04556274000112;02/11/2022;11/10/2022;7522,82;0;0;0;0;0;0;0
202200000001478;19432705000106;02/11/2022;11/10/2022;12177;0;0;0;0;0;0;202,50
202200000001567;46720184000165;09/11/2022;11/10/2022;2375;0;0;0;0;0;0;0
202200000001281;17901209000129;01/10/2022;13/10/2022;40590;0;0;0;0;0;0;675
202200000001285;17901209000129;01/10/2022;13/10/2022;6765;0;0;0;0;0;0;112,50
202200000000918;17901209000129;31/07/2022;13/10/2022;6765;0;0;0;0;0;0;112,50
202200000001360;02223966010348;13/10/2022;13/10/2022;665;0;0;0;0;0;0;0
202200000001479;13128780004431;02/11/2022;13/10/2022;12177;0;0;0;0;0;0;202,50
202200000001545;13128897000185;05/11/2022;13/10/2022;144000;0;0;0;0;0;0;2974,15
202200000001545;13128897000185;05/11/2022;26/10/2022;119212,18;0;0;0;0;0;0;0
202200000001341;69997096000100;13/10/2022;13/10/2022;1092,50;0;0;0;0;0;0;0
202200000001376;21008341000183;13/10/2022;13/10/2022;456;0;0;0;0;0;0;0
202200000001406;07480558000160;19/10/2022;13/10/2022;356,25;0;0;0;0;0;0;0
202200000001043;32718835000178;18/08/2022;13/10/2022;4528,25;0;0;0;0;0;0;0
202200000001069;13104740000110;28/08/2022;14/10/2022;8130,29;0;0;0;0;0;0;147,82
202200000001070;13104740000110;28/08/2022;14/10/2022;7574,07;0;0;0;0;0;0;137,71
202200000001343;04606375000150;13/10/2022;14/10/2022;142,50;0;0;0;0;0;0;0
202200000001344;28964988000128;13/10/2022;14/10/2022;142,50;0;0;0;0;0;0;0
202200000001345;35546159000190;13/10/2022;14/10/2022;142,50;0;0;0;0;0;0;0
202200000001346;13279320000174;13/10/2022;14/10/2022;285;0;0;0;0;0;0;0
202200000001347;27216869001872;13/10/2022;14/10/2022;1064;0;0;0;0;0;0;0
202200000001352;02949016000413;13/10/2022;14/10/2022;1130,50;0;0;0;0;0;0;0
202200000001353;12285276000142;13/10/2022;14/10/2022;5462,50;0;0;0;0;0;0;0
202200000001354;23586875000112;13/10/2022;14/10/2022;570;0;0;0;0;0;0;0
202200000001355;44160820000116;13/10/2022;14/10/2022;570;0;0;0;0;0;0;0
202200000001359;32876089000140;13/10/2022;14/10/2022;475;0;0;0;0;0;0;0
202200000001361;26587830000150;13/10/2022;14/10/2022;475;0;0;0;0;0;0;0
202200000000876;13104740000110;30/07/2022;14/10/2022;48781,76;0;0;0;0;0;0;886,94
202200000000877;13104740000110;30/07/2022;14/10/2022;8130,29;0;0;0;0;0;0;147,82
202200000001469;05050052000196;02/11/2022;14/10/2022;4059;0;0;0;0;0;0;67,50
202200000001480;13128780004601;02/11/2022;14/10/2022;4059;0;0;0;0;0;0;67,50
202200000000943;13106935000107;05/08/2022;14/10/2022;19081,29;0;0;0;0;0;0;313,49
202200000001362;02668961000102;13/10/2022;14/10/2022;496,85;0;0;0;0;0;0;0
202200000001363;24466120000147;13/10/2022;14/10/2022;547,20;0;0;0;0;0;0;0
202200000001365;18311885000105;13/10/2022;14/10/2022;1764;0;0;0;0;0;0;0
202200000001367;08364485000295;13/10/2022;14/10/2022;570;0;0;0;0;0;0;0
202200000001369;23233023000141;13/10/2022;14/10/2022;332,50;0;0;0;0;0;0;0
202200000001370;29932278000189;13/10/2022;14/10/2022;475;0;0;0;0;0;0;0
202200000001372;09133730000135;13/10/2022;14/10/2022;380;0;0;0;0;0;0;0
202200000001374;13013263001078;13/10/2022;14/10/2022;1140;0;0;0;0;0;0;0
202200000001375;10811677000163;13/10/2022;14/10/2022;522,50;0;0;0;0;0;0;0
202200000001377;24870569000176;13/10/2022;14/10/2022;332,50;0;0;0;0;0;0;0
202200000001380;12020066000122;13/10/2022;14/10/2022;380;0;0;0;0;0;0;0
202200000001381;43931923000170;13/10/2022;14/10/2022;399;0;0;0;0;0;0;0
202200000001382;46720184000165;13/10/2022;14/10/2022;1425;0;0;0;0;0;0;0
202200000001383;06091465000181;13/10/2022;14/10/2022;617,50;0;0;0;0;0;0;0
202200000001339;12303616000463;13/10/2022;14/10/2022;1596;0;0;0;0;0;0;0
202200000001338;12303616000200;13/10/2022;14/10/2022;1596;0;0;0;0;0;0;0
202200000001131;10437005000130;01/09/2022;18/10/2022;5159,45;0;0;0;0;0;0;87,94
202200000000968;44563716001578;13/08/2022;18/10/2022;874;0;0;0;0;0;0;0
202200000001140;10840716000908;02/09/2022;18/10/2022;632,94;0;0;0;0;0;0;0
202200000001158;44563716001578;03/09/2022;18/10/2022;456;0;0;0;0;0;0;0
202200000001423;21316170000150;22/10/2022;18/10/2022;5954,60;0;0;0;0;0;0;0
202200000001426;21316170000150;23/10/2022;18/10/2022;11210;0;0;0;0;0;0;0
202200000001202;11718406000120;10/09/2022;18/10/2022;5012,90;0;0;0;0;0;0;83,36
202200000001422;11718406000120;21/10/2022;18/10/2022;2769,56;0;0;0;0;0;0;46,06
202200000001467;13128780010083;02/11/2022;18/10/2022;28413;0;0;0;0;0;0;472,50
202200000001468;13128780010083;02/11/2022;18/10/2022;4059;0;0;0;0;0;0;67,50
202200000001494;12243697000100;02/11/2022;18/10/2022;68232,14;0;0;0;0;0;0;1121,01
202200000001402;14937103000197;19/10/2022;18/10/2022;1045;0;0;0;0;0;0;0
202200000001477;13128780003389;02/11/2022;19/10/2022;56826;0;0;0;0;0;0;945
202200000001520;34841195000114;04/11/2022;19/10/2022;3365,85;0;0;0;0;0;0;0
202200000001390;24322398000493;19/10/2022;20/10/2022;4712;0;0;0;0;0;0;0
202200000001392;24322398000140;19/10/2022;20/10/2022;2945;0;0;0;0;0;0;0
202200000001393;24322398000736;19/10/2022;20/10/2022;3534;0;0;0;0;0;0;0
202200000001394;24322398000221;19/10/2022;20/10/2022;532;0;0;0;0;0;0;0
202200000001259;34841226000137;01/10/2022;20/10/2022;14042,61;0;0;0;0;0;0;0
202200000001395;04843468000280;19/10/2022;20/10/2022;1178;0;0;0;0;0;0;0
202200000001446;13168992000102;02/11/2022;20/10/2022;37614,12;0;0;0;0;0;0;0
202200000001384;44563716001810;13/10/2022;20/10/2022;1064;0;0;0;0;0;0;0
202200000001397;29315061000120;19/10/2022;20/10/2022;997,50;0;0;0;0;0;0;0
202200000001398;09344391000217;19/10/2022;20/10/2022;1235;0;0;0;0;0;0;0
202200000001440;69990182000191;30/10/2022;20/10/2022;598,50;0;0;0;0;0;0;0
202200000001400;18021441000135;19/10/2022;20/10/2022;997,50;0;0;0;0;0;0;0
202200000001401;09628926000109;19/10/2022;20/10/2022;570;0;0;0;0;0;0;0
202200000001404;07165156000252;19/10/2022;20/10/2022;906,30;0;0;0;0;0;0;0
202200000001405;11290005000112;19/10/2022;20/10/2022;342;0;0;0;0;0;0;0
202200000001407;03930531000503;19/10/2022;20/10/2022;427,50;0;0;0;0;0;0;0
202200000001409;38275932000110;19/10/2022;20/10/2022;494;0;0;0;0;0;0;0
202200000001410;24166316000116;19/10/2022;20/10/2022;266;0;0;0;0;0;0;0
202200000001411;29919761000123;19/10/2022;20/10/2022;855;0;0;0;0;0;0;0
202200000001412;01334368000159;19/10/2022;20/10/2022;1064;0;0;0;0;0;0;0
202200000001413;08840340000132;19/10/2022;20/10/2022;1064;0;0;0;0;0;0;0
202200000001414;12392171000192;19/10/2022;20/10/2022;1330;0;0;0;0;0;0;0
202200000001441;07165156000171;30/10/2022;20/10/2022;769,50;0;0;0;0;0;0;0
202200000001418;06943858000257;19/10/2022;20/10/2022;1862;0;0;0;0;0;0;0
202200000001420;10840716000908;19/10/2022;20/10/2022;864,50;0;0;0;0;0;0;0
202200000001451;34850014000116;02/11/2022;21/10/2022;84450,37;0;0;0;0;0;0;1404,39
202200000001484;13128780009662;02/11/2022;21/10/2022;4059;0;0;0;0;0;0;67,50
202200000001605;03904395000145;19/11/2022;21/10/2022;312052,82;0;0;0;0;0;0;2275,62
202200000001604;03904395000145;19/11/2022;21/10/2022;72812,19;0;0;0;0;0;0;337,24
202200000001342;02865831000151;13/10/2022;21/10/2022;684;0;0;0;0;0;0;0
202200000001416;42763782000160;19/10/2022;21/10/2022;123,50;1,23;0;0;0;0;0;0
202200000001419;17336019000106;19/10/2022;21/10/2022;532;5,32;0;0;0;0;0;0
202200000001447;15613813000124;02/11/2022;24/10/2022;30091,29;0;0;0;0;0;0;0
202200000001481;00796598000177;02/11/2022;24/10/2022;8118;0;0;0;0;0;0;135
202200000001560;03926703000133;09/11/2022;24/10/2022;124,50;0;0;0;0;0;0;0
202200000001319;34841195000114;06/10/2022;25/10/2022;5328,08;0;0;6,48;0;0;0;0
202200000001482;13128780004350;02/11/2022;25/10/2022;27060;0;0;0;0;0;0;450
202200000001486;13128780009662;02/11/2022;25/10/2022;4059;0;0;0;0;0;0;67,50
202200000001527;09344391000217;05/11/2022;25/10/2022;760;0;0;0;0;0;0;0
202200000001607;09209809000100;23/11/2022;25/10/2022;532;0;0;0;0;0;0;0
202200000001313;05126748000159;05/10/2022;26/10/2022;593,75;0;0;0;0;0;0;0
202200000001314;39249210000153;05/10/2022;26/10/2022;593,75;0;0;0;0;0;0;0
202200000001455;11718406000120;02/11/2022;26/10/2022;4059;0;0;0;0;0;0;67,50
202200000001483;13128780004784;02/11/2022;26/10/2022;8118;0;0;0;0;0;0;135
202200000001595;14391014000198;12/11/2022;26/10/2022;3800;0;0;0;0;0;0;0
202200000001561;22150907000170;09/11/2022;26/10/2022;234,95;0;0;0;0;0;0;0
202200000001460;11718406000120;02/11/2022;27/10/2022;20295;0;0;0;0;0;0;337,50
202200000001462;11718406000120;02/11/2022;27/10/2022;47355;0;0;0;0;0;0;787,50
202200000001580;11718406000120;10/11/2022;27/10/2022;2931,63;0;0;0;0;0;0;48,75
202200000001320;43061782000181;06/10/2022;28/10/2022;14672;0;0;0;0;0;0;0
202200000000844;07480558000160;09/07/2022;28/10/2022;228;0;0;0;0;0;0;0
202200000001029;07480558000160;18/08/2022;28/10/2022;228;0;0;0;0;0;0;0
202200000001030;07480558000160;18/08/2022;28/10/2022;228;0;0;0;0;0;0;0
202200000001461;11718406000120;02/11/2022;31/10/2022;20295;0;0;0;0;0;0;337,50
202200000001335;10565000000192;12/10/2022;03/10/2022;795,38;0;0;0;0;0;0;0
202200000001243;13168992000102;01/10/2022;04/10/2022;3027,33;0;0;0;0;0;0;0
202200000001282;17901209000129;01/10/2022;04/10/2022;20295;0;0;0;0;0;0;337,50
202200000001283;17901209000129;01/10/2022;04/10/2022;8118;0;0;0;0;0;0;135
202200000001284;17901209000129;01/10/2022;04/10/2022;13530;0;0;0;0;0;0;225
202200000001286;13128780004512;01/10/2022;04/10/2022;12177;0;0;0;0;0;0;202,50
202200000001287;13128780004512;01/10/2022;04/10/2022;8118;0;0;0;0;0;0;135
202200000000915;17901209000129;31/07/2022;04/10/2022;20295;0;0;0;0;0;0;337,50
202200000001327;13168992000102;08/10/2022;04/10/2022;33852,72;0;0;0;0;0;0;0
202200000001250;11168783000133;01/10/2022;05/10/2022;8674,37;0;0;0;0;0;0;0
202200000001132;13018171000190;01/09/2022;06/10/2022;395046,75;0;0;0;3207,75;14805;4935;23688
202200000001079;11294402000162;31/08/2022;06/10/2022;67904,94;0;0;0;0;0;0;0
202200000001332;13018171000190;08/10/2022;06/10/2022;35135,73;0;0;0;285,30;1316,77;438,92;2106,83
202200000001428;03904395000145;29/10/2022;06/10/2022;10519,36;0;0;0;0;0;0;49,59
202200000001438;13104740000110;30/10/2022;06/10/2022;38836,89;0;0;0;0;0;0;645,85
202200000001258;34841226000137;01/10/2022;07/10/2022;1210,93;0;0;0;0;0;0;0
202200000001466;13128780003974;02/11/2022;07/10/2022;16236;0;0;0;0;0;0;270
202200000001429;03904395000145;29/10/2022;07/10/2022;10519,36;0;0;0;0;0;0;49,59
202200000001430;03904395000145;29/10/2022;07/10/2022;10519,36;0;0;0;0;0;0;49,59
202200000001431;03904395000145;29/10/2022;07/10/2022;10519,36;0;0;0;0;0;0;49,59
202200000001432;03904395000145;29/10/2022;07/10/2022;62659,16;0;0;0;0;0;0;446,35
202200000001126;11368671000126;31/08/2022;10/10/2022;28931,98;0;0;0;0;0;0;318,99
202200000001293;13128780004350;01/10/2022;10/10/2022;27060;0;0;0;0;0;0;450
202200000001448;34841195000114;02/11/2022;10/10/2022;150456,48;0;0;0;0;0;0;0
202200000001453;18169809000107;02/11/2022;10/10/2022;31119;0;0;0;0;0;0;517,50
202200000001246;11168783000133;01/10/2022;11/10/2022;27376,96;0;0;0;0;0;0;0
202200000001247;11168783000133;01/10/2022;11/10/2022;72029,48;0;0;0;0;0;0;0
202200000001245;11168783000133;01/10/2022;11/10/2022;52046,20;0;0;0;0;0;0;0
202200000001249;11168783000133;01/10/2022;11/10/2022;8674,37;0;0;0;0;0;0;0
202200000001425;43061782000181;22/10/2022;11/10/2022;14672;0;0;0;0;0;0;0
202200000001449;04556274000112;02/11/2022;11/10/2022;7522,82;0;0;0;0;0;0;0
202200000001478;19432705000106;02/11/2022;11/10/2022;12177;0;0;0;0;0;0;202,50
202200000001281;17901209000129;01/10/2022;13/10/2022;40590;0;0;0;0;0;0;675
202200000001285;17901209000129;01/10/2022;13/10/2022;6765;0;0;0;0;0;0;112,50
202200000000918;17901209000129;31/07/2022;13/10/2022;6765;0;0;0;0;0;0;112,50
202200000001479;13128780004431;02/11/2022;13/10/2022;12177;0;0;0;0;0;0;279,50
202200000001469;05050052000196;02/11/2022;14/10/2022;4059;0;0;0;0;0;0;67,50
202200000001480;13128780004601;02/11/2022;14/10/2022;4059;0;0;0;0;0;0;67,50
202200000001131;10437005000130;01/09/2022;18/10/2022;5159,45;0;0;0;0;0;0;87,94
202200000001202;11718406000120;10/09/2022;18/10/2022;5012,90;0;0;0;0;0;0;86,36
202200000001422;11718406000120;21/10/2022;18/10/2022;2769,56;0;0;0;0;0;0;46,06
202200000001467;13128780010083;02/11/2022;18/10/2022;28413;0;0;0;0;0;0;472,50
202200000001468;13128780010083;02/11/2022;18/10/2022;4059;0;0;0;0;0;0;67,50
202200000001477;13128780003389;02/11/2022;19/10/2022;56826;0;0;0;0;0;0;945
202200000001520;34841195000114;04/11/2022;19/10/2022;3365,85;0;0;0;0;0;0;0
202200000001259;34841226000137;01/10/2022;20/10/2022;14042,61;0;0;0;0;0;0;0
202200000001446;13168992000102;02/11/2022;20/10/2022;37614,12;0;0;0;0;0;0;0
202200000001451;34850014000116;02/11/2022;21/10/2022;84450,37;0;0;0;0;0;0;1404,39
202200000001484;13128780009662;02/11/2022;21/10/2022;4059;0;0;0;0;0;0;67,50
202200000001605;03904395000145;19/11/2022;21/10/2022;312052,82;0;0;0;0;0;0;2265,62
202200000001604;03904395000145;19/11/2022;21/10/2022;72812,19;0;0;0;0;0;0;337,24
202200000001447;15613813000124;02/11/2022;24/10/2022;30091,29;0;0;0;0;0;0;0
202200000001481;00796598000177;02/11/2022;24/10/2022;8118;0;0;0;0;0;0;135
202200000001319;34841195000114;06/10/2022;25/10/2022;5328,08;0;0;0;0;0;0;0
202200000001482;13128780004350;02/11/2022;25/10/2022;27060;0;0;0;0;0;0;450
202200000001486;13128780009662;02/11/2022;25/10/2022;4059;0;0;0;0;0;0;67,50
202200000001455;11718406000120;02/11/2022;26/10/2022;4059;0;0;0;0;0;0;67,50
202200000001483;13128780004784;02/11/2022;26/10/2022;8118;0;0;0;0;0;0;135
202200000001460;11718406000120;02/11/2022;27/10/2022;20295;0;0;0;0;0;0;337,50
202200000001462;11718406000120;02/11/2022;27/10/2022;47355;0;0;0;0;0;0;787,50
202200000001580;11718406000120;10/11/2022;27/10/2022;2931,63;0;0;0;0;0;0;48,75
202200000001320;43061782000181;06/10/2022;28/10/2022;14672;0;0;0;0;0;0;0
202200000001461;11718406000120;02/11/2022;31/10/2022;20295;0;0;0;0;0;0;337,50
202200000001139;21008341000183;02/09/2022;03/10/2022;456;0;0;0;0;0;0;0
202200000001143;06091465000181;02/09/2022;03/10/2022;617,50;0;0;0;0;0;0;0
202200000001147;12020066000122;02/09/2022;03/10/2022;380;0;0;0;0;0;0;0
202200000001225;02949016000413;17/09/2022;03/10/2022;1130,50;0;0;0;0;0;0;0
202200000001234;18025659000168;28/09/2022;03/10/2022;684;0;0;0;0;0;0;0
202200000001302;05876992000139;02/10/2022;04/10/2022;802,75;0;0;0;0;0;0;0
202200000001312;07811608000145;05/10/2022;05/10/2022;2945;0;0;0;0;0;0;0
202200000001316;04515488000221;05/10/2022;05/10/2022;500;0;0;0;0;0;0;0
202200000001144;34938543000176;02/09/2022;06/10/2022;855;0;0;0;0;0;0;0
202200000001214;12285276000142;16/09/2022;06/10/2022;5462,50;0;0;0;0;0;0;0
202200000000177;09628926000109;27/03/2022;07/10/2022;598,50;0;0;0;0;0;0;0
202200000000328;09628926000109;17/04/2022;07/10/2022;598,50;0;0;0;0;0;0;0
202200000000489;09628926000109;06/05/2022;07/10/2022;598,50;0;0;0;0;0;0;0
202200000000302;32718835000178;13/04/2022;10/10/2022;4179,92;0;0;0;0;0;0;0
202200000001348;01747578000179;13/10/2022;11/10/2022;1615;0;0;0;0;0;0;0
202200000001356;27189666000196;13/10/2022;11/10/2022;403,20;0;0;0;0;0;0;0
202200000001357;05126752000117;13/10/2022;11/10/2022;403,20;0;0;0;0;0;0;0
202200000001567;46720184000165;09/11/2022;11/10/2022;2375;0;0;0;0;0;0;0
202200000001360;02223966010348;13/10/2022;13/10/2022;665;0;0;0;0;0;0;0
202200000001341;69997096000100;13/10/2022;13/10/2022;1092,50;0;0;0;0;0;0;0
202200000001376;21008341000183;13/10/2022;13/10/2022;456;0;0;0;0;0;0;0
202200000001406;07480558000160;19/10/2022;13/10/2022;356,25;0;0;0;0;0;0;0
202200000001043;32718835000178;18/08/2022;13/10/2022;4528,25;0;0;0;0;0;0;0
202200000001343;04606375000150;13/10/2022;14/10/2022;142,50;0;0;0;0;0;0;0
202200000001344;28964988000128;13/10/2022;14/10/2022;142,50;0;0;0;0;0;0;0
202200000001345;35546159000190;13/10/2022;14/10/2022;142,50;0;0;0;0;0;0;0
202200000001346;13279320000174;13/10/2022;14/10/2022;285;0;0;0;0;0;0;0
202200000001347;27216869001872;13/10/2022;14/10/2022;1064;0;0;0;0;0;0;0
202200000001352;02949016000413;13/10/2022;14/10/2022;1130,50;0;0;0;0;0;0;0
202200000001353;12285276000142;13/10/2022;14/10/2022;5462,50;0;0;0;0;0;0;0
202200000001354;23586875000112;13/10/2022;14/10/2022;570;0;0;0;0;0;0;0
202200000001355;44160820000116;13/10/2022;14/10/2022;570;0;0;0;0;0;0;0
202200000001359;32876089000140;13/10/2022;14/10/2022;475;0;0;0;0;0;0;0
202200000001361;26587830000150;13/10/2022;14/10/2022;475;0;0;0;0;0;0;0
202200000001362;02668961000102;13/10/2022;14/10/2022;496,85;0;0;0;0;0;0;0
202200000001363;24466120000147;13/10/2022;14/10/2022;547,20;0;0;0;0;0;0;0
202200000001365;18311885000105;13/10/2022;14/10/2022;1764;0;0;0;0;0;0;0
202200000001367;08364485000295;13/10/2022;14/10/2022;570;0;0;0;0;0;0;0
202200000001369;23233023000141;13/10/2022;14/10/2022;332,50;0;0;0;0;0;0;0
202200000001370;29932278000189;13/10/2022;14/10/2022;475;0;0;0;0;0;0;0
202200000001372;09133730000135;13/10/2022;14/10/2022;380;0;0;0;0;0;0;0
202200000001374;13013263001078;13/10/2022;14/10/2022;1140;0;0;0;0;0;0;0
202200000001375;10811677000163;13/10/2022;14/10/2022;522,50;0;0;0;0;0;0;0
202200000001377;24870569000176;13/10/2022;14/10/2022;332,50;0;0;0;0;0;0;0
202200000001380;12020066000122;13/10/2022;14/10/2022;380;0;0;0;0;0;0;0
202200000001381;43931923000170;13/10/2022;14/10/2022;399;0;0;0;0;0;0;0
202200000001382;46720184000165;13/10/2022;14/10/2022;1425;0;0;0;0;0;0;0
202200000001383;06091465000181;13/10/2022;14/10/2022;617,50;0;0;0;0;0;0;0
202200000001339;12303616000463;13/10/2022;14/10/2022;1596;0;0;0;0;0;0;0
202200000001338;12303616000200;13/10/2022;14/10/2022;1596;0;0;0;0;0;0;0
202200000000968;44563716001578;13/08/2022;18/10/2022;874;0;0;0;0;0;0;0
202200000001140;10840716000908;02/09/2022;18/10/2022;632,94;0;0;0;0;0;0;0
202200000001158;44563716001578;03/09/2022;18/10/2022;456;0;0;0;0;0;0;0
202200000001423;21316170000150;22/10/2022;18/10/2022;5954,60;0;0;0;0;0;0;0
202200000001426;21316170000150;23/10/2022;18/10/2022;11210;0;0;0;0;0;0;0
202200000001402;14937103000197;19/10/2022;18/10/2022;1045;0;0;0;0;0;0;0
202200000001390;24322398000493;19/10/2022;20/10/2022;4712;0;0;0;0;0;0;0
202200000001392;24322398000140;19/10/2022;20/10/2022;2945;0;0;0;0;0;0;0
202200000001393;24322398000736;19/10/2022;20/10/2022;3534;0;0;0;0;0;0;0
202200000001394;24322398000221;19/10/2022;20/10/2022;532;0;0;0;0;0;0;0
202200000001395;04843468000280;19/10/2022;20/10/2022;1178;0;0;0;0;0;0;0
202200000001384;44563716001810;13/10/2022;20/10/2022;1064;0;0;0;0;0;0;0
202200000001397;29315061000120;19/10/2022;20/10/2022;997,50;0;0;0;0;0;0;0
202200000001398;09344391000217;19/10/2022;20/10/2022;1235;0;0;0;0;0;0;0
202200000001440;69990182000191;30/10/2022;20/10/2022;598,50;0;0;0;0;0;0;0
202200000001400;18021441000135;19/10/2022;20/10/2022;997,50;0;0;0;0;0;0;0
202200000001401;09628926000109;19/10/2022;20/10/2022;570;0;0;0;0;0;0;0
202200000001404;07165156000252;19/10/2022;20/10/2022;906,30;0;0;0;0;0;0;0
202200000001405;11290005000112;19/10/2022;20/10/2022;342;0;0;0;0;0;0;0
202200000001407;03930531000503;19/10/2022;20/10/2022;427,50;0;0;0;0;0;0;0
202200000001409;38275932000110;19/10/2022;20/10/2022;494;0;0;0;0;0;0;0
202200000001410;24166316000116;19/10/2022;20/10/2022;266;0;0;0;0;0;0;0
202200000001411;29919761000123;19/10/2022;20/10/2022;855;0;0;0;0;0;0;0
202200000001412;01334368000159;19/10/2022;20/10/2022;1064;0;0;0;0;0;0;0
202200000001413;08840340000132;19/10/2022;20/10/2022;1064;0;0;0;0;0;0;0
202200000001414;12392171000192;19/10/2022;20/10/2022;1330;0;0;0;0;0;0;0
202200000001441;07165156000171;30/10/2022;20/10/2022;769,50;0;0;0;0;0;0;0
202200000001418;06943858000257;19/10/2022;20/10/2022;1862;0;0;0;0;0;0;0
202200000001420;10840716000908;19/10/2022;20/10/2022;864,50;0;0;0;0;0;0;0
202200000001342;02865831000151;13/10/2022;21/10/2022;684;0;0;0;0;0;0;0
202200000001416;42763782000160;19/10/2022;21/10/2022;123,50;0;0;0;0;0;0;0
202200000001419;17336019000106;19/10/2022;21/10/2022;532;0;0;0;0;0;0;0
202200000001527;09344391000217;05/11/2022;25/10/2022;760;0;0;0;0;0;0;0
202200000001607;09209809000100;23/11/2022;25/10/2022;532;0;0;0;0;0;0;0
202200000001313;05126748000159;05/10/2022;26/10/2022;593,75;0;0;0;0;0;0;0
202200000001314;39249210000153;05/10/2022;26/10/2022;593,75;0;0;0;0;0;0;0
202200000001595;14391014000198;12/11/2022;26/10/2022;3800;0;0;0;0;0;0;0
202200000000844;07480558000160;09/07/2022;28/10/2022;228;0;0;0;0;0;0;0
202200000001029;07480558000160;18/08/2022;28/10/2022;228;0;0;0;0;0;0;0
202200000001030;07480558000160;18/08/2022;28/10/2022;228;0;0;0;0;0;0;0
202200000000949;11757681000153;06/08/2022;10/10/2022;1110,22;0;0;0;0;0;0;0
202200000001545;13128897000185;05/11/2022;13/10/2022;263212,18;0;0;0;0;0;0;0
202200000000943;13106935000107;05/08/2022;14/10/2022;19541,08;0;0;0;0;0;0;0
202200000001494;12243697000100;02/11/2022;18/10/2022;69876,29;0;0;0;0;0;0;0
202200000001069;13104740000110;28/08/2022;14/10/2022;8130,29;0;0;0;0;0;0;0
202200000001070;13104740000110;28/08/2022;14/10/2022;7574,07;0;0;0;0;0;0;0
202200000000876;13104740000110;30/07/2022;14/10/2022;48781,76;0;0;0;0;0;0;0
202200000000877;13104740000110;30/07/2022;14/10/2022;8130,29;0;0;0;0;0;0;0
202200000001560;03926703000133;09/11/2022;24/10/2022;124,50;0;0;0;0;0;0;0
202200000001561;22150907000170;09/11/2022;26/10/2022;234,95;0;0;0;0;0;0;0
202200000001433;04517241000244;29/10/2022;01/11/2022;6992;0;0;0;0;0;0;0
202200000001434;18025659000168;30/10/2022;01/11/2022;684;0;0;0;0;0;0;0
202200000001445;02949016000413;30/10/2022;01/11/2022;807,50;0;0;0;0;0;0;0
202200000001518;27189666000196;03/11/2022;01/11/2022;403,20;0;0;0;0;0;0;0
202200000001519;05126752000117;03/11/2022;01/11/2022;403,20;0;0;0;0;0;0;0
202200000001546;30903019000109;06/11/2022;01/11/2022;769,50;0;0;0;0;0;0;0
202200000001456;11718406000120;02/11/2022;01/11/2022;8118;0;0;0;0;0;0;135
202200000001457;11718406000120;02/11/2022;01/11/2022;16236;0;0;0;0;0;0;270
202200000001458;11718406000120;02/11/2022;01/11/2022;40590;0;0;0;0;0;0;675
202200000001459;11718406000120;02/11/2022;01/11/2022;60885;0;0;0;0;0;0;1012,50
202200000001463;11718406000120;02/11/2022;01/11/2022;13530;0;0;0;0;0;0;225
202200000001465;11718406000120;02/11/2022;01/11/2022;27060;0;0;0;0;0;0;450
202200000001366;17428731016643;13/10/2022;03/11/2022;456;0;0;0;0;0;0;0
202200000001442;09628926000109;30/10/2022;03/11/2022;570;0;0;0;0;0;0;0
202200000001443;09628926000109;30/10/2022;03/11/2022;570;0;0;0;0;0;0;0
202200000001444;09628926000109;30/10/2022;03/11/2022;570;0;0;0;0;0;0;0
202200000001533;02223966010348;05/11/2022;03/11/2022;665;0;0;0;0;0;0;0
202200000001509;01747578000179;03/11/2022;03/11/2022;1615;0;0;0;0;0;0;0
202200000001596;80464753000197;12/11/2022;03/11/2022;656,50;0;0;0;0;0;0;0
202200000000670;33014556006127;10/06/2022;04/11/2022;188,04;0;0;0;0;0;0;0
202200000000671;00776574100614;10/06/2022;04/11/2022;190,44;0;0;0;0;0;0;0
202200000000672;00776574100614;10/06/2022;04/11/2022;190,44;0;0;0;0;0;0;0
202200000000673;33014556006127;10/06/2022;04/11/2022;188,04;0;0;0;0;0;0;0
202200000001027;33014556006127;18/08/2022;04/11/2022;188,04;0;0;0;0;0;0;0
202200000001031;00776574100614;18/08/2022;04/11/2022;190,44;0;0;0;0;0;0;0
202200000001028;33014556006127;18/08/2022;04/11/2022;188,04;0;0;0;0;0;0;0
202200000001032;00776574100614;18/08/2022;04/11/2022;190,44;0;0;0;0;0;0;0
202200000000192;33014556006127;27/03/2022;04/11/2022;188,04;0;0;0;0;0;0;0
202200000000335;33014556006127;17/04/2022;04/11/2022;188,04;0;0;0;0;0;0;0
202200000000336;00776574100614;17/04/2022;04/11/2022;188,04;0;0;0;0;0;0;0
202200000000337;00776574100614;17/04/2022;04/11/2022;178,44;0;0;0;0;0;0;0
202200000001556;21008341000183;06/11/2022;04/11/2022;418;0;0;0;0;0;0;0
202200000001464;11718406000120;02/11/2022;04/11/2022;20295;0;0;0;0;0;0;337,50
202200000001043;32718835000178;18/08/2022;04/11/2022;4528,25;0;0;0;0;0;0;0
202200000001452;13018171000190;02/11/2022;07/11/2022;395046,75;0;0;0;3207,75;14805;4935;23688
202200000001505;04606375000150;03/11/2022;07/11/2022;142,50;0;0;0;0;0;0;0
202200000001506;28964988000128;03/11/2022;07/11/2022;142,50;0;0;0;0;0;0;0
202200000001507;35546159000190;03/11/2022;07/11/2022;142,50;0;0;0;0;0;0;0
202200000001508;13279320000174;03/11/2022;07/11/2022;285;0;0;0;0;0;0;0
202200000001515;12285276000142;03/11/2022;07/11/2022;5462,50;0;0;0;0;0;0;0
202200000001516;23586875000112;03/11/2022;07/11/2022;570;0;0;0;0;0;0;0
202200000001517;44160820000116;03/11/2022;07/11/2022;570;0;0;0;0;0;0;0
202200000001551;69997096000100;06/11/2022;07/11/2022;1092,50;0;0;0;0;0;0;0
202200000001454;11718406000120;02/11/2022;07/11/2022;12177;0;0;0;0;0;0;202,50
202200000001586;07480558000160;12/11/2022;07/11/2022;285;0;0;0;0;0;0;0
202200000001579;13018171000190;09/11/2022;07/11/2022;40496,62;0;0;0;328,83;1517,67;505,89;2428,28
202200000001244;11294402000162;01/10/2022;08/11/2022;67904,94;0;0;0;0;0;0;0
202200000001504;11294402000162;02/11/2022;08/11/2022;265701,53;0;0;0;0;0;0;0
202200000001525;12303616000463;05/11/2022;08/11/2022;1596;0;0;0;0;0;0;0
202200000001526;12303616000200;05/11/2022;08/11/2022;1596;0;0;0;0;0;0;0
202200000001530;07732587000172;05/11/2022;08/11/2022;684;0;0;0;0;0;0;0
202200000001531;11452852000136;05/11/2022;08/11/2022;427,50;0;0;0;0;0;0;0
202200000001532;41424393000148;05/11/2022;08/11/2022;684;0;0;0;0;0;0;0
202200000001535;02668961000102;05/11/2022;08/11/2022;496,85;0;0;0;0;0;0;0
202200000001537;34939001000207;05/11/2022;08/11/2022;532;0;0;0;0;0;0;0
202200000001539;18311885000105;05/11/2022;08/11/2022;1764;0;0;0;0;0;0;0
202200000001541;08364485000295;05/11/2022;08/11/2022;570;0;0;0;0;0;0;0
202200000001542;23233023000141;05/11/2022;08/11/2022;332,50;0;0;0;0;0;0;0
202200000001544;09133730000135;05/11/2022;08/11/2022;380;0;0;0;0;0;0;0
202200000001549;27216869001872;06/11/2022;08/11/2022;684;0;0;0;0;0;0;0
202200000001550;32876089000140;06/11/2022;08/11/2022;1187,50;0;0;0;0;0;0;0
202200000001553;09628926000109;06/11/2022;08/11/2022;570;0;0;0;0;0;0;0
202200000001554;29932278000189;06/11/2022;08/11/2022;1425;0;0;0;0;0;0;0
202200000001555;10811677000163;06/11/2022;08/11/2022;380;0;0;0;0;0;0;0
202200000001557;14937103000197;06/11/2022;08/11/2022;913,90;0;0;0;0;0;0;0
202200000001624;13104740000110;30/11/2022;08/11/2022;33540,95;0;0;0;0;0;0;557,78
202200000001626;13168992000102;01/12/2022;09/11/2022;37614,12;0;0;0;0;0;0;0
202200000001767;03904395000145;08/12/2022;09/11/2022;60600,99;0;0;0;0;0;0;421,55
202200000001768;03904395000145;08/12/2022;09/11/2022;308759,74;0;0;0;0;0;0;2235,95
202200000001769;03904395000145;08/12/2022;09/11/2022;10519,36;0;0;0;0;0;0;49,59
202200000001770;03904395000145;08/12/2022;09/11/2022;10519,36;0;0;0;0;0;0;49,59
202200000001772;03904395000145;08/12/2022;09/11/2022;10519,36;0;0;0;0;0;0;49,59
202200000001773;03904395000145;08/12/2022;09/11/2022;10519,36;0;0;19,91;0;0;0;49,59
202200000001487;11168783000133;02/11/2022;10/11/2022;38674,90;0;0;0;0;0;0;0
202200000001488;11168783000133;02/11/2022;10/11/2022;20208,01;0;0;0;0;0;0;0
202200000001489;11168783000133;02/11/2022;10/11/2022;59463,68;0;0;0;0;0;0;0
202200000001491;11168783000133;02/11/2022;10/11/2022;6445,82;0;0;0;0;0;0;0
202200000001562;04515488000221;09/11/2022;10/11/2022;475;0;0;0;0;0;0;0
202200000001563;00794431000177;09/11/2022;10/11/2022;726,75;0;0;0;0;0;0;0
202200000001564;12020066000122;09/11/2022;10/11/2022;304;0;0;0;0;0;0;0
202200000001566;43931923000170;09/11/2022;10/11/2022;855;0;0;0;0;0;0;0
202200000001568;01766440000117;09/11/2022;10/11/2022;285;0;0;0;0;0;0;0
202200000001569;06091465000181;09/11/2022;10/11/2022;617,50;0;0;0;0;0;0;0
202200000001470;17901209000129;02/11/2022;10/11/2022;40590;0;0;0;0;0;0;675
202200000001574;13106935000107;09/11/2022;10/11/2022;18879,01;0;0;0;0;0;0;310,17
202200000001736;13128897000185;04/12/2022;10/11/2022;254653,72;0;0;0;0;0;0;2877,44
202200000001661;10565000000192;01/12/2022;10/11/2022;2152,30;0;0;0;0;0;0;35,79
202200000001662;10565000000192;01/12/2022;10/11/2022;2152,30;0;0;0;0;0;0;35,79
202200000001503;11049830000120;02/11/2022;11/11/2022;10561;0;0;0;0;0;0;0
202200000001473;17901209000129;02/11/2022;11/11/2022;13530;0;0;0;0;0;0;225
202200000001475;13128780004512;02/11/2022;11/11/2022;12177;0;0;0;0;0;0;202,50
202200000001493;11368671000126;02/11/2022;11/11/2022;10608,40;0;0;0;0;0;0;116,96
202200000001577;13128855000144;09/11/2022;11/11/2022;159502,01;0;0;0;0;0;0;1802,28
202200000001628;34841195000114;01/12/2022;11/11/2022;150456,48;0;0;0;0;0;0;0
202200000001668;13128780003974;01/12/2022;11/11/2022;17351,60;0;0;0;0;0;0;288,55
202200000001688;11368671000126;01/12/2022;11/11/2022;28931,98;0;0;0;0;0;0;318,99
202200000001730;11049830000120;04/12/2022;11/11/2022;10561;0;0;0;0;0;0;0
202200000001792;44166627000192;11/12/2022;11/11/2022;760;0;0;0;0;0;0;0
202200000001708;34841195000114;03/12/2022;11/11/2022;5711,60;0;0;0;0;0;0;0
202200000001583;29315061000120;12/11/2022;14/11/2022;864,50;0;0;0;0;0;0;0
202200000001592;42763782000160;12/11/2022;14/11/2022;185,25;0;0;0;0;0;0;0
202200000001035;13104740000110;18/08/2022;16/11/2022;26585,99;0;0;0;0;0;0;442,12
202200000001528;09344391000217;05/11/2022;16/11/2022;760;0;0;0;0;0;0;0
202200000001667;18169809000107;01/12/2022;16/11/2022;33512,60;0;0;0;0;0;0;557,30
202200000001581;05876992000139;12/11/2022;16/11/2022;741;0;0;0;0;0;0;0
202200000001582;04843468000280;12/11/2022;16/11/2022;1140;0;0;0;0;0;0;0
202200000001585;18021441000135;12/11/2022;16/11/2022;897,75;0;0;0;0;0;0;0
202200000001587;03930531000503;12/11/2022;16/11/2022;342;0;0;0;0;0;0;0
202200000001590;38275932000110;12/11/2022;16/11/2022;432,25;0;0;0;0;0;0;0
202200000001689;12243697000100;01/12/2022;16/11/2022;67058,98;0;0;0;0;0;0;1101,74
202200000001140;10840716000908;02/09/2022;17/11/2022;632,94;0;0;0,01;0;0;0;0
202200000001547;30903019000109;06/11/2022;17/11/2022;855;0;0;0;0;0;0;0
202200000001631;34850014000116;01/12/2022;17/11/2022;84450,37;0;0;0;0;0;0;1404,39
202200000001671;05050052000196;01/12/2022;17/11/2022;4337,90;0;0;0;0;0;0;72,14
202200000001589;24870569000176;12/11/2022;17/11/2022;332,50;13,30;0;0;0;0;0;0
202200000001593;11791767000100;12/11/2022;17/11/2022;570;22,80;0;0;0;0;0;0
202200000001619;21316170000150;24/11/2022;17/11/2022;9642,50;0;0;0;0;0;0;0
202200000001068;13104740000110;28/08/2022;18/11/2022;48781,76;0;0;0;0;0;0;886,94
202200000001078;13104740000110;28/08/2022;18/11/2022;14501,45;0;0;0;0;0;0;241,16
202200000001629;04556274000112;01/12/2022;18/11/2022;7522,82;0;0;0;0;0;0;0
202200000001686;13128780009662;01/12/2022;18/11/2022;4337,90;0;0;0;0;0;0;72,14
202200000001687;13128780009662;01/12/2022;18/11/2022;4337,90;0;0;0;0;0;0;72,14
202200000001707;19432705000106;03/12/2022;18/11/2022;12001,52;0;0;0;0;0;0;199,58
202200000001705;03926703000133;03/12/2022;18/11/2022;185,25;0;0;0;0;0;0;0
202200000001476;13128780004512;02/11/2022;21/11/2022;8118;0;0;0;0;0;0;135
202200000001602;32728800000462;17/11/2022;21/11/2022;1140;0;0;0;0;0;0;0
202200000001603;32728800000462;17/11/2022;21/11/2022;1140;0;0;0;0;0;0;0
202200000001558;02865831000151;06/11/2022;22/11/2022;684;0;0;0;0;0;0;0
202200000001597;09344391000217;16/11/2022;22/11/2022;380;0;0;0;0;0;0;0
202200000001598;24322398000493;17/11/2022;22/11/2022;4256;0;0;0;0;0;0;0
202200000001599;24322398000140;17/11/2022;22/11/2022;2850;0;0;0;0;0;0;0
202200000001600;24322398000736;17/11/2022;22/11/2022;3420;0;0;0;0;0;0;0
202200000001601;24322398000221;17/11/2022;22/11/2022;494;0;0;0;0;0;0;0
202200000001609;69990182000191;24/11/2022;22/11/2022;769,50;0;0;0;0;0;0;0
202200000001610;07165156000252;24/11/2022;22/11/2022;547,20;0;0;0;0;0;0;0
202200000001611;11290005000112;24/11/2022;22/11/2022;342;0;0;0;0;0;0;0
202200000001612;07165156000171;24/11/2022;22/11/2022;855;0;0;0;0;0;0;0
202200000001613;05072232000179;24/11/2022;22/11/2022;2244,85;0;0;0;0;0;0;0
202200000001540;17428731016643;05/11/2022;23/11/2022;456;0;0;0;0;0;0;0
202200000001669;13128780010083;01/12/2022;23/11/2022;30365,28;0;0;0;0;0;0;504,97
202200000001670;13128780010083;01/12/2022;23/11/2022;4337,90;0;0;0;0;0;0;72,14
202200000001828;20947234000158;22/12/2022;23/11/2022;110;0;0;0;0;0;0;0
202200000001794;14391014000198;14/12/2022;23/11/2022;4037,50;0;0;0;0;0;0;0
202200000001490;11168783000133;02/11/2022;24/11/2022;6445,82;0;0;0;0;0;0;0
202200000001514;39249210000153;03/11/2022;24/11/2022;593,75;0;0;0;0;0;0;0
202200000001680;13128780003389;01/12/2022;24/11/2022;60730,58;0;0;0;0;0;0;1009,93
202200000001682;13128780004601;01/12/2022;24/11/2022;4337,90;0;0;0;0;0;0;72,14
202200000001684;13128780004350;01/12/2022;24/11/2022;29174,69;0;0;0;0;0;0;485,17
202200000001706;22150907000170;03/12/2022;24/11/2022;314,08;0;0;0;0;0;0;0
202200000001513;05126748000159;03/11/2022;25/11/2022;593,75;0;0;0;0;0;0;0
202200000001693;11718406000120;01/12/2022;25/11/2022;13013,70;0;0;0;0;0;0;216,41
202200000001696;11718406000120;01/12/2022;25/11/2022;17351,60;0;0;0;0;0;0;288,55
202200000001697;11718406000120;01/12/2022;25/11/2022;43378,98;0;0;0;0;0;0;721,38
202200000001685;13128780004784;01/12/2022;28/11/2022;8675,79;0;0;0;0;0;0;144,28
202200000001694;11718406000120;01/12/2022;28/11/2022;4337,90;0;0;0;0;0;0;72,14
202200000000304;14391014000198;13/04/2022;29/11/2022;3800;0;0;0;0;0;0;0
202200000000525;14391014000198;18/05/2022;29/11/2022;526,48;0;0;0;0;0;0;0
202200000001608;07480558000160;23/11/2022;30/11/2022;228;0;0;0;0;0;0;0
202200000001666;35564087000104;01/12/2022;30/11/2022;2063,87;0;0;0;0;0;0;0
202200000001704;11718406000120;01/12/2022;30/11/2022;29940,80;0;0;0;0;0;0;497,91
202200000001699;11718406000120;01/12/2022;30/11/2022;21689,49;0;0;0;0;0;0;360,69
202200000001700;11718406000120;01/12/2022;30/11/2022;22455,60;0;0;0,20;0;0;0;373,43
202200000001771;11718406000120;08/12/2022;30/11/2022;5004,11;0;0;0;0;0;0;83,22
202200000001711;02949016000413;03/12/2022;01/12/2022;807,50;0;0;0;0;0;0;0
202200000001620;18025659000168;30/11/2022;01/12/2022;684;0;0;0;0;0;0;0
202200000001833;09209809000100;29/12/2022;01/12/2022;532;0;0;0;0;0;0;0
202200000001529;09344391000217;05/11/2022;06/12/2022;570;0;0;0;0;0;0;0
202200000001738;07811608000145;07/12/2022;06/12/2022;2280;0;0;0;0;0;0;0
202200000001739;27216869001872;07/12/2022;06/12/2022;798;0;0;0;0;0;0;0
202200000001715;04606375000150;03/12/2022;06/12/2022;142,50;0;0;0;0;0;0;0
202200000001716;28964988000128;03/12/2022;06/12/2022;142,50;0;0;0;0;0;0;0
202200000001717;35546159000190;03/12/2022;06/12/2022;142,50;0;0;0;0;0;0;0
202200000001718;13279320000174;03/12/2022;06/12/2022;285;0;0;0;0;0;0;0
202200000001719;01747578000179;03/12/2022;06/12/2022;1615;0;0;0;0;0;0;0
202200000001725;12285276000142;03/12/2022;06/12/2022;5462,50;0;0;0;0;0;0;0
202200000001726;23586875000112;03/12/2022;06/12/2022;570;0;0;0;0;0;0;0
202200000001728;27189666000196;03/12/2022;06/12/2022;403,20;0;0;0;0;0;0;0
202200000001729;05126752000117;03/12/2022;06/12/2022;403,20;0;0;0;0;0;0;0
202200000001727;44160820000116;03/12/2022;06/12/2022;570;0;0;0;0;0;0;0
202200000001744;69997096000100;07/12/2022;06/12/2022;1092,50;0;0;0;0;0;0;0
202200000001747;34939001000207;07/12/2022;06/12/2022;532;0;0;0;0;0;0;0
202200000001749;18311885000105;07/12/2022;06/12/2022;1764;0;0;0;0;0;0;0
202200000001712;12303616000463;03/12/2022;06/12/2022;1596;0;0;0;0;0;0;0
202200000001713;12303616000200;03/12/2022;06/12/2022;1596;0;0;0;0;0;0;0
202200000001714;07732587000172;03/12/2022;06/12/2022;684;0;0;0;0;0;0;0
202200000001741;41424393000148;07/12/2022;07/12/2022;684;0;0;0;0;0;0;0
202200000001743;26587830000150;07/12/2022;07/12/2022;475;0;0;0;0;0;0;0
202200000001745;02668961000102;07/12/2022;07/12/2022;496,85;0;0;0;0;0;0;0
202200000001788;09344391000217;09/12/2022;07/12/2022;760;0;0;0;0;0;0;0
202200000001751;08364485000295;07/12/2022;07/12/2022;570;0;0;0;0;0;0;0
202200000001753;29932278000189;07/12/2022;07/12/2022;1425;0;0;0;0;0;0;0
202200000001755;09133730000135;07/12/2022;07/12/2022;380;0;0;0;0;0;0;0
202200000001790;10811677000163;10/12/2022;07/12/2022;522,50;0;0;0;0;0;0;0
202200000001761;11791767000100;07/12/2022;07/12/2022;570;0;0;0;0;0;0;0
202200000001762;04515488000221;07/12/2022;07/12/2022;475;0;0;0;0;0;0;0
202200000001763;43931923000170;07/12/2022;07/12/2022;855;0;0;0;0;0;0;0
202200000001740;11452852000136;07/12/2022;08/12/2022;427,50;4,27;0;0;0;0;0;0
202200000001786;07480558000160;09/12/2022;08/12/2022;356,25;0;0;0;0;0;0;0
202200000001785;30903019000109;09/12/2022;12/12/2022;769,50;0;0;0;0;0;0;0
202200000001775;05876992000139;09/12/2022;12/12/2022;802,75;0;0;0;0;0;0;0
202200000001791;04517241000244;10/12/2022;12/12/2022;6146,50;0;0;0;0;0;0;0
202200000001315;41424393000148;05/10/2022;13/12/2022;684;0;0;0;0;0;0;0
202200000001536;24466120000147;05/11/2022;13/12/2022;547,20;202,46;0;0;0;0;0;0
202200000001812;14937103000197;17/12/2022;13/12/2022;913,90;0;0;0;0;0;0;0
202200000001764;46720184000165;07/12/2022;13/12/2022;2375;0;0;0;0;0;0;0
202200000001795;01679569000198;14/12/2022;13/12/2022;988;0;0;0;0;0;0;0
202200000001793;32718835000178;14/12/2022;14/12/2022;4766,58;543,39;0;0;0;0;0;0
202200000001797;24322398000493;16/12/2022;16/12/2022;4104;0;0;0;0;0;0;0
202200000001798;24322398000140;16/12/2022;16/12/2022;2945;0;0;0;0;0;0;0
202200000001799;24322398000736;16/12/2022;16/12/2022;3534;0;0;0;0;0;0;0
202200000001800;24322398000221;16/12/2022;16/12/2022;532;0;0;0;0;0;0;0
202200000001801;05072232000179;16/12/2022;16/12/2022;2280;0;0;0;0;0;0;0
202200000001802;32876089000140;16/12/2022;16/12/2022;1068,75;0;0;0;0;0;0;0
202200000001804;69990182000191;16/12/2022;16/12/2022;684;0;0;0;0;0;0;0
202200000001805;07165156000252;16/12/2022;16/12/2022;675,45;0;0;0;0;0;0;0
202200000001806;11290005000112;16/12/2022;16/12/2022;684;0;0;0;0;0;0;0
202200000001807;07165156000171;16/12/2022;16/12/2022;855;0;0;0;0;0;0;0
202200000001781;12014510000105;09/12/2022;16/12/2022;8550;0;0;0;0;0;0;0
202200000001776;12014510000105;09/12/2022;16/12/2022;3990;0;0;0;0;0;0;0
202200000000991;24466120000147;18/08/2022;19/12/2022;256,55;0;0;0;0;0;0;0
202200000000707;24466120000147;15/06/2022;19/12/2022;546,25;0;0;0;0;0;0;0
202200000000990;24466120000147;18/08/2022;19/12/2022;547,20;0;0;0;0;0;0;0
202200000001826;29315061000120;18/12/2022;19/12/2022;570;0;0;0;0;0;0;0
202200000001811;21008341000183;17/12/2022;19/12/2022;456;0;0;0;0;0;0;0
202200000001814;03930531000503;17/12/2022;19/12/2022;427,50;0;0;0;0;0;0;0
202200000001816;38275932000110;17/12/2022;19/12/2022;555,75;0;0;0;0;0;0;0
202200000001818;42763782000160;17/12/2022;19/12/2022;61,75;0;0;0;0;0;0;0
202200000001820;12020066000122;17/12/2022;19/12/2022;304;0;0;0;0;0;0;0
202200000001822;17336019000106;17/12/2022;19/12/2022;532;0;0;0;0;0;0;0
202200000001756;32728800000462;07/12/2022;20/12/2022;1140;0;0;0;0;0;0;0
202200000001757;32728800000462;07/12/2022;20/12/2022;1140;0;0;0;0;0;0;0
202200000000652;35252493000131;03/06/2022;21/12/2022;456;0;0;0;0;0;0;0
202200000000653;35252493000212;03/06/2022;21/12/2022;332,50;0;0;0;0;0;0;0
202200000000994;35252493000131;18/08/2022;21/12/2022;456;0;0;0;0;0;0;0
202200000000996;33736220000137;18/08/2022;21/12/2022;332,50;0;0;0;0;0;0;0
202200000000995;35252493000131;18/08/2022;21/12/2022;456;0;0;0;0;0;0;0
202200000000997;33736220000137;18/08/2022;21/12/2022;332,50;0;0;0;0;0;0;0
202200000001207;35252493000131;14/09/2022;21/12/2022;456;0;0;0;0;0;0;0
202200000001208;33736220000137;14/09/2022;21/12/2022;332,50;0;0;0;0;0;0;0
202200000000123;35252493000131;13/03/2022;21/12/2022;432,25;0;0;0;0;0;0;0
202200000000124;35252493000212;13/03/2022;21/12/2022;456;0;0;0;0;0;0;0
202200000000271;35252493000131;08/04/2022;21/12/2022;456;0;0;0;0;0;0;0
202200000000272;35252493000212;08/04/2022;21/12/2022;332,50;0;0;0;0;0;0;0
202200000000455;35252493000131;06/05/2022;21/12/2022;456;0;0;0;0;0;0;0
202200000000456;35252493000212;06/05/2022;21/12/2022;332,50;0;0;0;0;0;0;0
202200000001350;35252493000131;13/10/2022;21/12/2022;456;0;0;0;0;0;0;0
202200000001351;33736220000137;13/10/2022;21/12/2022;332,50;0;0;0;0;0;0;0
202200000001810;09628926000109;17/12/2022;21/12/2022;598,50;0;0;0;0;0;0;0
202200000001759;02865831000151;07/12/2022;21/12/2022;684;0;0;0;0;0;0;0
202200000001830;32728800000462;22/12/2022;21/12/2022;1140;0;0;0;0;0;0;0
202200000000351;08840340000132;20/04/2022;21/12/2022;212,80;0;0;0;0;0;0;0
202200000000352;08840340000132;20/04/2022;21/12/2022;212,80;0;0;0;0;0;0;0
202200000000751;08840340000132;29/06/2022;21/12/2022;212,80;0;0;0;0;0;0;0
202200000001825;08840340000132;17/12/2022;21/12/2022;532;0;0;0;0;0;0;0
202200000001964;08840340000132;05/01/2023;21/12/2022;212,80;0;0;0;0;0;0;0
202200000001965;08840340000132;05/01/2023;21/12/2022;159,60;0;0;0;0;0;0;0
202200000001966;08840340000132;05/01/2023;21/12/2022;106,40;0;0;0;0;0;0;0
202200000000344;24166316000116;20/04/2022;21/12/2022;212,80;0;0;0;0;0;0;0
202200000000346;24166316000116;20/04/2022;21/12/2022;212,80;0;0;0;0;0;0;0
202200000000753;24166316000116;29/06/2022;21/12/2022;212,80;0;0;0;0;0;0;0
202200000001960;24166316000116;05/01/2023;21/12/2022;304;0;0;0;0;0;0;0
202200000001961;24166316000116;05/01/2023;21/12/2022;76;0;0;0;0;0;0;0
202200000001962;24166316000116;05/01/2023;21/12/2022;425,60;0;0;0;0;0;0;0
202200000001963;24166316000116;05/01/2023;21/12/2022;425,60;0;0;0;0;0;0;0
202200000000349;01334368000159;20/04/2022;21/12/2022;212,80;0;0;0;0;0;0;0
202200000000350;01334368000159;20/04/2022;21/12/2022;212,80;0;0;0;0;0;0;0
202200000000752;01334368000159;29/06/2022;21/12/2022;159,60;0;0;0;0;0;0;0
202200000001967;01334368000159;05/01/2023;21/12/2022;159,60;0;0;0;0;0;0;0
202200000001968;01334368000159;05/01/2023;21/12/2022;372,40;0;0;0;0;0;0;0
202200000001970;01334368000159;05/01/2023;21/12/2022;159,60;0;0;0;0;0;0;0
202200000001971;01334368000159;05/01/2023;21/12/2022;744,80;0;0;0;0;0;0;0
202200000001829;32728800000462;22/12/2022;21/12/2022;1140;0;0;0;0;0;0;0
202200000002028;14391014000198;08/01/2023;21/12/2022;2850;0;0;0;0;0;0;0
202200000002044;04517241000244;11/01/2023;22/12/2022;2983;0;0;0;0;0;0;0
202200000001796;80464753000197;14/12/2022;26/12/2022;656,50;0;0;0;0;0;0;0
202200000000164;03079649000138;27/03/2022;27/12/2022;342;0;0;0;0;0;0;0
202200000001723;05126748000159;03/12/2022;27/12/2022;593,75;0;0;0;0;0;0;0
202200000001724;39249210000153;03/12/2022;27/12/2022;593,75;0;0;0;0;0;0;0
202200000001809;18021441000135;17/12/2022;27/12/2022;1030,75;103,06;0;0;0;0;0;0
202200000001909;32728800000462;01/01/2023;27/12/2022;1140;0;0;0;0;0;0;0
202200000002093;09209809000100;19/01/2023;27/12/2022;532;0;0;0;0;0;0;0
202200000001666;35564087000104;01/12/2022;28/12/2022;2063,87;0;0;0;0;0;0;0
202200000001777;12014510000105;09/12/2022;29/12/2022;5130;0;0;0;0;0;0;0
202200000001832;18025659000168;29/12/2022;29/12/2022;684;0;0;0;0;0;0;0
202200000000330;03079649000138;17/04/2022;30/12/2022;342;0;0;0;0;0;0;0
202200000001737;13128855000144;04/12/2022;01/12/2022;156573,09;0;0;0;0;0;0;1769,19
202200000001943;13128897000185;05/01/2023;07/12/2022;255853,44;0;0;0;0;0;0;2891
202200000001838;13104740000110;30/12/2022;13/12/2022;37071,57;0;0;0;0;0;0;616,49
202200000002102;13104740000110;20/01/2023;28/12/2022;21183,75;0;0;0;0;0;0;352,28
202200000001239;13104740000110;30/09/2022;29/12/2022;27794,46;0;0;0;0;0;0;462,21
202200000001435;13104740000110;30/10/2022;29/12/2022;48781,76;0;0;0;0;0;0;886,94
202200000001436;13104740000110;30/10/2022;29/12/2022;8130,29;0;0;0;0;0;0;147,82
202200000001437;13104740000110;30/10/2022;29/12/2022;7574,07;0;0;0;0;0;0;137,71
202200000001439;13104740000110;30/10/2022;29/12/2022;26585,99;0;0;0;0;0;0;442,12
202200000001427;13117320000178;28/10/2022;12/12/2022;38588,40;0;0;0;0;0;0;633,98
202200000001907;12243697000100;01/01/2023;16/12/2022;65472,32;0;0;0;0;0;0;1075,67
202200000002095;12243697000100;20/01/2023;28/12/2022;43570,11;0;0;0;0;0;0;715,83
202200000001235;13104740000110;30/09/2022;09/12/2022;7574,07;0;0;0;0;0;0;137,71
202200000001236;13104740000110;30/09/2022;09/12/2022;8130,29;0;0;0;0;0;0;147,82
202200000001237;13104740000110;30/09/2022;09/12/2022;48781,76;0;0;0;0;0;0;886,94
202200000001698;11718406000120;01/12/2022;01/12/2022;65068,48;0;0;0;0;0;0;1082,07
202200000001701;11718406000120;01/12/2022;01/12/2022;52396,41;0;0;0;0;0;0;871,34
202200000001702;11718406000120;01/12/2022;01/12/2022;14970,40;0;0;0;0;0;0;248,95
202200000001474;17901209000129;02/11/2022;02/12/2022;6765;0;0;0;0;0;0;112,50
202200000001782;10565000000192;09/12/2022;02/12/2022;2188,09;0;0;0;0;0;0;0
202200000001783;10565000000192;09/12/2022;02/12/2022;729,36;0;0;0;0;0;0;0
202200000001627;15613813000124;01/12/2022;05/12/2022;30091,29;0;0;0;0;0;0;0
202200000001878;11718406000120;31/12/2022;05/12/2022;22455,60;0;0;0;0;0;0;373,43
202200000001632;13018171000190;01/12/2022;06/12/2022;395046,75;0;0;0;3207,75;14805;4935;23688
202200000001709;13018171000190;03/12/2022;06/12/2022;37150,74;0;0;0;301,66;1392,39;464,10;2227,66
202200000001499;11294402000162;02/11/2022;06/12/2022;92417,70;0;0;0;0;0;0;0
202200000001499;11294402000162;02/11/2022;28/12/2022;0;0;0;0;0;0;0;0
202200000001646;11168783000133;01/12/2022;08/12/2022;59463,68;0;0;0;0;0;0;0
202200000001644;11168783000133;01/12/2022;08/12/2022;20208,01;0;0;0;0;0;0;0
202200000001648;11168783000133;01/12/2022;08/12/2022;6445,82;0;0;0;0;0;0;0
202200000001731;11294402000162;04/12/2022;08/12/2022;38138,48;0;0;0;0;0;0;0
202200000001732;11294402000162;04/12/2022;08/12/2022;18950,24;0;0;0;0;0;0;0
202200000001187;10565000000192;08/09/2022;08/12/2022;1590,76;0;0;0;0;0;0;0
202200000001664;10565000000192;01/12/2022;08/12/2022;729,36;0;0;0;0;0;0;0
202200000001784;10565000000192;09/12/2022;08/12/2022;729,36;0;0;0;0;0;0;0
202200000001860;34841195000114;31/12/2022;09/12/2022;150456,48;0;0;0;0;0;0;0
202200000001861;04556274000112;31/12/2022;09/12/2022;7522,82;0;0;0;0;0;0;0
202200000001497;11294402000162;02/11/2022;12/12/2022;50603,98;0;0;0;0;0;0;0
202200000001498;11294402000162;02/11/2022;12/12/2022;158449,42;0;0;0;0;0;0;0
202200000001502;11294402000162;02/11/2022;12/12/2022;12358,04;0;0;0;0;0;0;0
202200000001501;11294402000162;02/11/2022;12/12/2022;49432,14;0;0;0;0;0;0;0
202200000001642;11168783000133;01/12/2022;12/12/2022;38674,90;0;0;0;0;0;0;0
202200000001650;11168783000133;01/12/2022;12/12/2022;6445,82;0;0;0;0;0;0;0
202200000001654;11294402000162;01/12/2022;12/12/2022;265701,53;0;0;0;0;0;0;0
202200000001734;11294402000162;04/12/2022;12/12/2022;13569,86;0;0;0;0;0;0;0
202200000001735;11294402000162;04/12/2022;12/12/2022;8189,48;0;0;0;0;0;0;0
202200000001674;17901209000129;01/12/2022;13/12/2022;21689,49;0;0;0;0;0;0;360,69
202200000001676;17901209000129;01/12/2022;13/12/2022;14970,40;0;0;0;0;0;0;248,95
202200000001678;13128780004512;01/12/2022;13/12/2022;13013,70;0;0;0;0;0;0;216,41
202200000001864;18169809000107;31/12/2022;13/12/2022;33512,60;0;0;0;0;0;0;557,30
202200000001881;13128780010083;31/12/2022;13/12/2022;30365,28;0;0;0;0;0;0;504,97
202200000001891;13128780003389;31/12/2022;13/12/2022;60730,58;0;0;0;0;0;0;1009,93
202200000001894;13128780004601;31/12/2022;13/12/2022;4337,90;0;0;0;0;0;0;72,14
202200000001679;13128780004512;01/12/2022;14/12/2022;8675,79;0;0;0;0;0;0;144,28
202200000001913;10565000000192;04/01/2023;14/12/2022;2869,73;0;0;0;0;0;0;47,72
202200000001880;13128780003974;31/12/2022;14/12/2022;17351,60;0;0;0;0;0;0;288,55
202200000001898;13128780009662;31/12/2022;14/12/2022;4337,90;0;0;0;0;0;0;72,14
202200000001899;13128780009662;31/12/2022;14/12/2022;4337,90;0;0;0;0;0;0;72,14
202200000001982;03904395000145;06/01/2023;14/12/2022;10519,36;0;0;0;0;0;0;49,59
202200000001983;03904395000145;06/01/2023;14/12/2022;10519,36;0;0;0;0;0;0;49,59
202200000001984;03904395000145;06/01/2023;14/12/2022;10519,36;0;0;0;0;0;0;49,59
202200000001985;03904395000145;06/01/2023;14/12/2022;10519,36;0;0;0;0;0;0;49,59
202200000002025;03904395000145;07/01/2023;14/12/2022;58542,82;0;0;0;0;0;0;396,76
202200000001912;13128780003974;02/01/2023;14/12/2022;434,02;0;0;0;0;0;0;7,22
202200000001959;13128780003974;05/01/2023;14/12/2022;1375,90;0;0;0;0;0;0;22,88
202200000001911;34841195000114;02/01/2023;14/12/2022;1380,33;0;0;0;0;0;0;0
202200000001672;17901209000129;01/12/2022;15/12/2022;43378,98;0;0;0;0;0;0;721,38
202200000001675;17901209000129;01/12/2022;15/12/2022;8675,79;0;0;0;0;0;0;144,28
202200000001681;13128780004431;01/12/2022;15/12/2022;13013,70;0;0;0;0;0;0;216,41
202200000001863;34850014000116;31/12/2022;15/12/2022;84450,36;0;0;0;0;0;0;1404,39
202200000001893;13128780004431;31/12/2022;15/12/2022;13013,70;0;0;0;0;0;0;216,41
202200000001989;03904395000145;06/01/2023;15/12/2022;10519,36;0;0;0;0;0;0;49,59
202200000001986;03904395000145;06/01/2023;15/12/2022;10519,36;0;0;0;0;0;0;49,59
202200000001987;03904395000145;06/01/2023;15/12/2022;10519,36;0;0;0;0;0;0;49,59
202200000001988;03904395000145;06/01/2023;15/12/2022;10519,36;0;0;0;0;0;0;49,59
202200000002065;03904395000145;14/01/2023;16/12/2022;73635,47;0;0;0;0;0;0;347,16
202200000002066;03904395000145;14/01/2023;16/12/2022;60875,42;0;0;0;0;0;0;424,86
202200000002068;03904395000145;14/01/2023;16/12/2022;308534,83;0;0;0;0;0;0;2233,34
202200000002069;03904395000145;14/01/2023;16/12/2022;1734,13;0;0;0;0;0;0;20,89
202200000001658;11294402000162;01/12/2022;19/12/2022;50603,98;0;0;0;0;0;0;0
202200000001656;11294402000162;01/12/2022;19/12/2022;158449,42;0;0;0;0;0;0;0
202200000001651;11294402000162;01/12/2022;19/12/2022;49432,14;0;0;0;0;0;0;0
202200000001657;11294402000162;01/12/2022;19/12/2022;12358,04;0;0;0;0;0;0;0
202200000001859;15613813000124;31/12/2022;19/12/2022;30091,29;0;0;0;0;0;0;0
202200000001883;05050052000196;31/12/2022;19/12/2022;4337,90;0;0;0;0;0;0;72,14
202200000001870;11049830000120;31/12/2022;19/12/2022;10561;0;0;0;0;0;0;0
202200000001827;10565000000192;21/12/2022;20/12/2022;5739,46;0;0;0;0;0;0;95,45
202200000001834;10565000000192;29/12/2022;20/12/2022;1434,86;0;0;0;0;0;0;23,86
202200000002026;10565000000192;07/01/2023;20/12/2022;717,43;0;0;0;0;0;0;11,93
202200000001858;13168992000102;31/12/2022;20/12/2022;37614,12;0;0;0;0;0;0;0
202200000001865;11718406000120;31/12/2022;22/12/2022;13013,70;0;0;0;0;0;0;216,41
202200000001866;11718406000120;31/12/2022;22/12/2022;4337,90;0;0;0;0;0;0;72,14
202200000001867;11718406000120;31/12/2022;22/12/2022;8675,79;0;0;0;0;0;0;144,28
202200000001868;11718406000120;31/12/2022;22/12/2022;17351,60;0;0;0;0;0;0;288,55
202200000001872;11718406000120;31/12/2022;22/12/2022;43378,98;0;0;0;0;0;0;721,38
202200000001873;11718406000120;31/12/2022;22/12/2022;65068,48;0;0;0;0;0;0;1082,07
202200000001875;11718406000120;31/12/2022;22/12/2022;22455,60;0;0;0;0;0;0;373,43
202200000001876;11718406000120;31/12/2022;22/12/2022;52396,41;0;0;0;0;0;0;871,34
202200000001877;11718406000120;31/12/2022;22/12/2022;14970,40;0;0;0;0;0;0;248,95
202200000001879;11718406000120;31/12/2022;22/12/2022;29940,80;0;0;0;0;0;0;497,91
202200000001892;19432705000106;31/12/2022;22/12/2022;8675,79;0;0;0;0;0;0;144,28
202200000002083;13128780003389;15/01/2023;22/12/2022;60730,58;0;0;0;0;0;0;1009,93
202200000002047;11718406000120;12/01/2023;22/12/2022;3846,49;0;0;0;0;0;0;63,97
202200000001683;00796598000177;01/12/2022;23/12/2022;8675,79;0;0;0;0;0;0;144,28
202200000001703;11718406000120;01/12/2022;23/12/2022;22455,60;0;0;0;0;0;0;373,43
202200000001895;00796598000177;31/12/2022;23/12/2022;8675,79;0;0;0;0;0;0;144,28
202200000002074;34850014000116;15/01/2023;23/12/2022;42225,21;0;0;0;0;0;0;702,19
202200000001896;13128780004350;31/12/2022;27/12/2022;29174,69;0;0;0;0;0;0;485,17
202200000002100;03904395000145;20/01/2023;27/12/2022;4207,73;0;0;0;0;0;0;19,84
202200000002109;03904395000145;25/01/2023;27/12/2022;124107,64;0;0;0;0;0;0;901,65
202200000001472;17901209000129;02/11/2022;28/12/2022;8118;0;0;0;0;0;0;135
202200000001733;11294402000162;04/12/2022;28/12/2022;13569,86;0;0;0;0;0;0;0
202200000001874;11718406000120;31/12/2022;28/12/2022;21689,49;0;0;0;0;0;0;360,69
202200000001853;11294402000162;31/12/2022;28/12/2022;38138,28;0;0;0;0;0;0;0
202200000001854;11294402000162;31/12/2022;28/12/2022;18950,24;0;0;0;0;0;0;0
202200000001855;11294402000162;31/12/2022;28/12/2022;13569,86;0;0;0;0;0;0;0
202200000001856;11294402000162;31/12/2022;28/12/2022;13569,86;0;0;0;0;0;0;0
202200000001857;11294402000162;31/12/2022;28/12/2022;8189,48;0;0;0;0;0;0;0
202200000001843;11168783000133;31/12/2022;28/12/2022;38674,90;0;0;0;0;0;0;0
202200000001844;11168783000133;31/12/2022;28/12/2022;20208,01;0;0;0;0;0;0;0
202200000001845;11168783000133;31/12/2022;28/12/2022;54508,37;0;0;0;0;0;0;0
202200000001846;11168783000133;31/12/2022;28/12/2022;6445,82;0;0;0;0;0;0;0
202200000001847;11168783000133;31/12/2022;28/12/2022;6445,82;0;0;0;0;0;0;0
202200000001897;13128780004784;31/12/2022;28/12/2022;8675,79;0;0;0;0;0;0;144,28
202200000002094;03904395000145;20/01/2023;28/12/2022;73635,47;0;0;0;0;0;0;347,16
202200000002101;03904395000145;20/01/2023;28/12/2022;4207,73;0;0;0;0;0;0;19,84
202200000002098;03904395000145;20/01/2023;28/12/2022;23417,13;0;0;0;0;0;0;158,70
202200000002099;03904395000145;20/01/2023;28/12/2022;4207,73;0;0;0;0;0;0;19,84
202200000002108;03904395000145;25/01/2023;28/12/2022;312601,66;0;0;0;0;0;0;2282,24
202200000001852;11294402000162;31/12/2022;29/12/2022;50603,98;0;0;0;0;0;0;0
202200000001850;11294402000162;31/12/2022;29/12/2022;158449,42;0;0;0;0;0;0;0
202200000001851;11294402000162;31/12/2022;29/12/2022;12358,04;0;0;0;0;0;0;0
202200000001903;11294402000162;31/12/2022;29/12/2022;3295,48;0;0;0;0;0;0;0
202200000001889;13128780004512;31/12/2022;29/12/2022;13013,70;0;0;0;0;0;0;216,41
202200000001890;13128780004512;31/12/2022;29/12/2022;8675,79;0;0;0;0;0;0;144,28
202200000002097;03904395000145;20/01/2023;29/12/2022;29454,20;0;0;0;0;0;0;138,86
202200000001900;11368671000126;31/12/2022;11/11/2022;28931,98;0;0;0;0;0;0;318,99
202200000001915;03926703000133;04/01/2023;19/12/2022;169,39;0;0;0;0;0;0;0
202200000002084;10250158000688;19/01/2023;20/12/2022;100;0;0;0;0;0;0;0
202200000002033;09308955000185;08/01/2023;20/12/2022;95;0;0;0;0;0;0;0
202200000002035;18586862000103;08/01/2023;20/12/2022;110,83;0;0;0;0;0;0;0
202200000001917;22150907000170;04/01/2023;20/12/2022;248,27;0;0;0;0;0;0;0
202200000002038;35434511000104;08/01/2023;20/12/2022;102,50;0;0;0;0;0;0;0
202200000002030;07821600000160;08/01/2023;21/12/2022;163,31;0;0;0;0;0;0;0
202200000002031;11824146000178;08/01/2023;21/12/2022;100;0;0;0;0;0;0;0
202200000002034;00495095000161;08/01/2023;21/12/2022;423,75;0;0;0;0;0;0;0
202200000002085;04538231000104;19/01/2023;21/12/2022;90;0;0;0;0;0;0;0
202200000002036;09623431000189;08/01/2023;21/12/2022;198,03;0;0;0;0;0;0;0
202200000002086;32062768000186;19/01/2023;21/12/2022;158,31;0;0;0;0;0;0;0
202200000002092;04563500000192;19/01/2023;21/12/2022;193;0;0;0;0;0;0;0
202200000002090;38460570000137;19/01/2023;26/12/2022;191,63;0;0;0;0;0;0;0
