202200000001750;17428731016643;07/12/2022;02/01/2023;456;0;0;0;0;0;0;0
202200000001914;27216869001872;04/01/2023;03/01/2023;627;0;0;0;0;0;0;0
202200000001923;01747578000179;05/01/2023;03/01/2023;1615;0;0;0;0;0;0;0
202200000001932;27189666000196;05/01/2023;03/01/2023;403,20;0;0;0;0;0;0;0
202200000001944;18311885000105;05/01/2023;03/01/2023;1764;0;0;0;0;0;0;0
202200000001938;69997096000100;05/01/2023;04/01/2023;1092,50;0;0;0;0;0;0;0
202200000000483;03079649000138;06/05/2022;04/01/2023;342;0;0;0;0;0;0;0
202200000001933;05126752000117;05/01/2023;05/01/2023;403,20;0;0;0;0;0;0;0
202200000001934;11452852000136;05/01/2023;05/01/2023;427,50;0;0;0;0;0;0;0
202200000002010;07480558000160;07/01/2023;05/01/2023;285;0;0;0;0;0;0;0
202200000002000;12014510000105;07/01/2023;05/01/2023;6840;0;0;0;0;0;0;0
202200000001919;04606375000150;05/01/2023;06/01/2023;142,50;0;0;0;0;0;0;0
202200000001920;28964988000128;05/01/2023;06/01/2023;142,50;0;0;0;0;0;0;0
202200000001921;35546159000190;05/01/2023;06/01/2023;142,50;0;0;0;0;0;0;0
202200000001922;13279320000174;05/01/2023;06/01/2023;285;0;0;0;0;0;0;0
202200000001929;12285276000142;05/01/2023;06/01/2023;5462,50;0;0;0;0;0;0;0
202200000001930;23586875000112;05/01/2023;06/01/2023;570;0;0;0;0;0;0;0
202200000001931;44160820000116;05/01/2023;06/01/2023;570;0;0;0;0;0;0;0
202200000001935;41424393000148;05/01/2023;06/01/2023;684;0;0;0;0;0;0;0
202200000001937;26587830000150;05/01/2023;06/01/2023;475;0;0;0;0;0;0;0
202200000001939;02668961000102;05/01/2023;06/01/2023;496,85;0;0;0;0;0;0;0
202200000001941;34939001000207;05/01/2023;06/01/2023;532;0;0;0;0;0;0;0
202200000001947;23233023000141;05/01/2023;06/01/2023;332,50;0;0;0;0;0;0;0
202200000001948;29932278000189;05/01/2023;06/01/2023;1425;0;0;0;0;0;0;0
202200000001950;09133730000135;05/01/2023;06/01/2023;380;0;0;0;0;0;0;0
202200000001952;11791767000100;05/01/2023;06/01/2023;570;0;0;0;0;0;0;0
202200000001953;04515488000221;05/01/2023;06/01/2023;475;0;0;0;0;0;0;0
202200000001955;06091465000181;05/01/2023;06/01/2023;617,50;0;0;0;0;0;0;0
202200000001956;12303616000463;05/01/2023;06/01/2023;1596;0;0;0;0;0;0;0
202200000001957;12303616000200;05/01/2023;06/01/2023;1596;0;0;0;0;0;0;0
202200000001958;07732587000172;05/01/2023;06/01/2023;684;0;0;0;0;0;0;0
202200000001975;04517241000244;06/01/2023;06/01/2023;665;0;0;0;0;0;0;0
202200000001976;04517241000244;06/01/2023;06/01/2023;4142;0;0;0;0;0;0;0
202200000001977;04517241000244;06/01/2023;06/01/2023;4142;0;0;0;0;0;0;0
202200000001978;04517241000244;06/01/2023;06/01/2023;4142;0;0;0;0;0;0;0
202200000001979;04517241000244;06/01/2023;06/01/2023;5548;0;0;0;0;0;0;0
202200000001980;04517241000244;06/01/2023;06/01/2023;6441;0;0;0;0;0;0;0
202200000001981;04517241000244;06/01/2023;06/01/2023;6365;0;0;0;0;0;0;0
202200000001946;08364485000295;05/01/2023;09/01/2023;570;0;0;0;0;0;0;0
202200000002013;21008341000183;07/01/2023;09/01/2023;456;0;0;0;0;0;0;0
202200000002024;07811608000145;07/01/2023;10/01/2023;2090;0;0;0;0;0;0;0
202200000002023;05876992000139;07/01/2023;10/01/2023;802,75;0;0;0;0;0;0;0
202200000002022;04843468000280;07/01/2023;10/01/2023;1140;0;0;0;0;0;0;0
202200000002021;05072232000179;07/01/2023;10/01/2023;2208,75;0;0;0;0;0;0;0
202200000002020;32876089000140;07/01/2023;10/01/2023;1064;0;0;0;0;0;0;0
202200000002018;09344391000217;07/01/2023;10/01/2023;760;0;0;0;0;0;0;0
202200000002015;09628926000109;07/01/2023;10/01/2023;1054,50;0;0;0;0;0;0;0
202200000002014;10811677000163;07/01/2023;10/01/2023;807,50;0;0;0;0;0;0;0
202200000002012;14937103000197;07/01/2023;10/01/2023;843,60;0;0;0;0;0;0;0
202200000002011;10847382001038;07/01/2023;10/01/2023;893;0;0;0;0;0;0;0
202200000002009;03930531000503;07/01/2023;10/01/2023;427,50;0;0;0;0;0;0;0
202200000002006;38275932000110;07/01/2023;10/01/2023;555,75;0;0;0;0;0;0;0
202200000002005;01334368000159;07/01/2023;10/01/2023;1064;0;0;0;0;0;0;0
202200000002004;08840340000132;07/01/2023;10/01/2023;1064;0;0;0;0;0;0;0
202200000002003;24166316000116;07/01/2023;10/01/2023;1064;0;0;0;0;0;0;0
202200000002002;12392171000192;07/01/2023;10/01/2023;1719,50;0;0;0;0;0;0;0
202200000001999;00794431000177;07/01/2023;10/01/2023;646;0;0;0;0;0;0;0
202200000001998;12020066000122;07/01/2023;10/01/2023;304;0;0;0;0;0;0;0
202200000001995;01766440000117;07/01/2023;10/01/2023;1282,50;0;0;0;0;0;0;0
202200000001990;10840716000908;07/01/2023;10/01/2023;617,50;0;0;0;0;0;0;0
202200000002040;04517241000244;11/01/2023;11/01/2023;1121;0;0;0;0;0;0;0
202200000002041;04517241000244;11/01/2023;11/01/2023;1406;0;0;0;0;0;0;0
202200000002042;04517241000244;11/01/2023;11/01/2023;2194,50;0;0;0;0;0;0;0
202200000002043;04517241000244;11/01/2023;11/01/2023;2365,50;0;0;0;0;0;0;0
202200000002044;04517241000244;11/01/2023;11/01/2023;2983;0;0;0;0;0;0;0
202200000002046;04517241000244;11/01/2023;11/01/2023;2983;0;0;0;0;0;0;0
202200000002060;35564087000104;14/01/2023;11/01/2023;940,50;0;0;0;0;0;0;0
202200000002061;35564087000104;14/01/2023;11/01/2023;940,50;0;0;0;0;0;0;0
202200000002029;80464753000197;08/01/2023;11/01/2023;656,50;0;0;0;0;0;0;0
202200000002048;01679569000198;12/01/2023;11/01/2023;1231,20;0;0;0;0;0;0;0
202200000002051;01679569000198;12/01/2023;11/01/2023;1231,20;0;0;0;0;0;0;0
202200000002039;04517241000244;11/01/2023;12/01/2023;3629;0;0;0;0;0;0;0
202200000002027;32718835000178;08/01/2023;12/01/2023;4301,85;226,40;0;0;0;0;0;0
202200000001340;34939001000207;13/10/2022;13/01/2023;532;0;0;0;0;0;0;0
202200000002067;29315061000120;14/01/2023;16/01/2023;494;0;0;0;0;0;0;0
202200000001548;07811608000145;06/11/2022;17/01/2023;2850;0;0;0;0;0;0;0
202200000001746;24466120000147;07/12/2022;17/01/2023;311,91;235,29;0;0;0;0;0;0
202200000002056;69990182000191;14/01/2023;17/01/2023;684;0;0;0;0;0;0;0
202200000002057;07165156000252;14/01/2023;17/01/2023;530,10;0;0;0;0;0;0;0
202200000002058;11290005000112;14/01/2023;17/01/2023;798;0;0;0;0;0;0;0
202200000002054;04517241000244;14/01/2023;17/01/2023;3676,50;0;0;0;0;0;0;0
202200000002055;30903019000109;14/01/2023;17/01/2023;427,50;0;0;0;0;0;0;0
202200000002059;07165156000171;14/01/2023;17/01/2023;684;0;0;0;0;0;0;0
202200000002062;17754859000199;14/01/2023;17/01/2023;199,50;0;0;0;0;0;0;0
202200000002063;17754859000199;14/01/2023;17/01/2023;266;0;0;0;0;0;0;0
202200000001954;43931923000170;05/01/2023;18/01/2023;855;0;0;0;0;0;0;0
202200000001951;02865831000151;05/01/2023;23/01/2023;684;0;0;0;0;0;0;0
202200000000351;08840340000132;20/04/2022;23/01/2023;212,80;0;0;0;0;0;0;0
202200000000352;08840340000132;20/04/2022;23/01/2023;212,80;0;0;0;0;0;0;0
202200000000751;08840340000132;29/06/2022;23/01/2023;212,80;0;0;0;0;0;0;0
202200000001825;08840340000132;17/12/2022;23/01/2023;532;0;0;0;0;0;0;0
202200000001964;08840340000132;05/01/2023;23/01/2023;212,80;0;0;0;0;0;0;0
202200000001965;08840340000132;05/01/2023;23/01/2023;159,60;0;0;0;0;0;0;0
202200000001966;08840340000132;05/01/2023;23/01/2023;106,40;0;0;0;0;0;0;0
202200000000344;24166316000116;20/04/2022;23/01/2023;212,80;0;0;0;0;0;0;0
202200000000346;24166316000116;20/04/2022;23/01/2023;212,80;0;0;0;0;0;0;0
202200000000753;24166316000116;29/06/2022;23/01/2023;212,80;0;0;0;0;0;0;0
202200000001960;24166316000116;05/01/2023;23/01/2023;304;0;0;0;0;0;0;0
202200000001961;24166316000116;05/01/2023;23/01/2023;76;0;0;0;0;0;0;0
202200000001962;24166316000116;05/01/2023;23/01/2023;425,60;0;0;0;0;0;0;0
202200000001963;24166316000116;05/01/2023;23/01/2023;425,60;0;0;0;0;0;0;0
202200000000349;01334368000159;20/04/2022;23/01/2023;212,80;0;0;0;0;0;0;0
202200000000350;01334368000159;20/04/2022;23/01/2023;212,80;0;0;0;0;0;0;0
202200000000752;01334368000159;29/06/2022;23/01/2023;159,60;0;0;0;0;0;0;0
202200000001967;01334368000159;05/01/2023;23/01/2023;159,60;0;0;0;0;0;0;0
202200000001968;01334368000159;05/01/2023;23/01/2023;372,40;0;0;0;0;0;0;0
202200000001970;01334368000159;05/01/2023;23/01/2023;159,60;0;0;0;0;0;0;0
202200000001971;01334368000159;05/01/2023;23/01/2023;744,80;0;0;0;0;0;0;0
202200000002016;18021441000135;07/01/2023;24/01/2023;997,50;0;0;0;0;0;0;0
202200000001666;35564087000104;01/12/2022;25/01/2023;2063,88;0;0;0;0;0;0;0
202200000001928;39249210000153;05/01/2023;25/01/2023;593,75;0;0;0;0;0;0;0
202200000001945;17428731016643;05/01/2023;25/01/2023;532;0;0;0;0;0;0;0
202200000000666;14391014000198;08/06/2022;25/01/2023;4037,50;0;0;0;0;0;0;0
202200000001927;05126748000159;05/01/2023;26/01/2023;593,75;0;0;0;0;0;0;0
202200000002110;24322398000493;25/01/2023;26/01/2023;4104;0;0;0;0;0;0;0
202200000002111;24322398000140;25/01/2023;26/01/2023;2755;0;0;0;0;0;0;0
202200000002112;24322398000736;25/01/2023;26/01/2023;3306;0;0;0;0;0;0;0
202200000002113;24322398000221;25/01/2023;26/01/2023;494;0;0;0;0;0;0;0
202300000000143;14391014000198;11/02/2023;26/01/2023;3325;0;0;0;0;0;0;0
202300000000096;27827034000100;04/02/2023;27/01/2023;570;0;0;0;0;0;0;0
202200000001940;24466120000147;05/01/2023;30/01/2023;415,88;131,32;0;0;0;0;0;0
202200000002115;18025659000168;27/01/2023;30/01/2023;684;0;0;0;0;0;0;0
202300000000141;80464753000197;11/02/2023;30/01/2023;649,66;0;0;0;0;0;0;0
202300000000047;02949016000413;01/02/2023;31/01/2023;1615;0;0;0;0;0;0;0
202300000000063;27189666000196;01/02/2023;31/01/2023;403,20;0;0;0;0;0;0;0
202300000000078;18311885000105;01/02/2023;31/01/2023;1764;0;0;0;0;0;0;0
202200000001916;20947234000158;04/01/2023;19/01/2023;56,24;43,76;0;0;0;0;0;0
202300000000149;10250158000688;11/02/2023;19/01/2023;136,49;0;0;0;0;0;0;0
202300000000146;07821600000160;11/02/2023;20/01/2023;103,33;0;0;0;0;0;0;0
202300000000166;35434511000104;16/02/2023;23/01/2023;229,12;0;0;0;0;0;0;0
202300000000144;03926703000133;11/02/2023;24/01/2023;100;0;0;0;0;0;0;0
202300000000150;10250158000688;11/02/2023;24/01/2023;164,71;0;0;0;0;0;0;0
202300000000161;15110859000120;11/02/2023;25/01/2023;90;0;0;0;0;0;0;0
202300000000152;28089000000129;11/02/2023;26/01/2023;100;0;0;0;0;0;0;0
202300000000171;48673620000118;16/02/2023;26/01/2023;191,63;0;0;0;0;0;0;0
202200000002089;09618386000174;19/01/2023;04/01/2023;141,32;15,32;0;0;0;0;0;0
202300000000185;40983088000123;01/03/2023;24/01/2023;132,49;0;0;0;0;0;0;0
202300000000147;11824146000178;11/02/2023;30/01/2023;347,50;0;0;0;0;0;0;0
202300000000153;03963091000159;11/02/2023;30/01/2023;100;0;0;0;0;0;0;0
202300000000145;13183699000114;11/02/2023;31/01/2023;100;0;0;0;0;0;0;0
202300000000151;09308955000185;11/02/2023;31/01/2023;380,25;0;0;0;0;0;0;0
202300000000154;00495095000161;11/02/2023;31/01/2023;90;0;0;0;0;0;0;0
202300000000157;04538231000104;11/02/2023;31/01/2023;296,59;0;0;0;0;0;0;0
202300000000159;22150907000170;11/02/2023;31/01/2023;139;0;0;0;0;0;0;0
202300000000162;04563500000192;11/02/2023;31/01/2023;189,96;0;0;0;0;0;0;0
202300000000168;12215304000155;16/02/2023;31/01/2023;1110,23;0;0;0;0;0;0;0
202200000001174;11757681000153;08/09/2022;20/01/2023;152578,90;0;0;0;0;0;0;12,54
202300000000048;13128897000185;01/02/2023;24/01/2023;20590;0;0;0;0;0;0;3016,12
202200000001622;13104740000110;30/11/2022;31/01/2023;48781,76;0;0;0;0;0;0;147,82
202200000001623;13104740000110;30/11/2022;31/01/2023;8130,69;0;0;0;0;0;0;137,71
202200000001836;13104740000110;30/12/2022;31/01/2023;144372,97;0;0;0;0;0;0;886,94
202200000001837;13104740000110;30/12/2022;31/01/2023;29639,21;0;0;0;0;0;0;147,82
202200000002103;13104740000110;20/01/2023;30/01/2023;48781,76;0;0;0;0;0;0;241,16
202200000001840;13104740000110;30/12/2022;30/01/2023;22960,59;0;0;0;0;0;0;422,02
202200000001621;13104740000110;30/11/2022;31/01/2023;11419,40;0;0;0;0;0;0;886,94
202200000001625;13104740000110;30/11/2022;10/01/2023;1861,86;0;0;0;0;0;0;381,83
202200000002116;18169809000107;28/01/2023;05/01/2023;33512,60;0;0;0;0;0;0;557,30
202200000001969;13018171000190;05/01/2023;06/01/2023;395046,75;0;0;0;3207,75;14805;4935;23688
202200000001848;11294402000162;31/12/2022;06/01/2023;37074,10;0;0;0;0;0;0;0
202200000001904;11294402000162;31/12/2022;06/01/2023;262307,50;0;0;0;0;0;0;0
202200000001972;13018171000190;05/01/2023;06/01/2023;34926,43;0;0;0;283,60;1308,92;436,31;2094,28
202200000001471;17901209000129;02/11/2022;10/01/2023;20295;0;0;0;0;0;0;337,50
202200000001886;17901209000129;31/12/2022;10/01/2023;8675,79;0;0;0;0;0;0;144,28
202300000000039;13128780004601;01/02/2023;12/01/2023;4337,90;0;0;0;0;0;0;72,14
202200000002075;13128780003974;15/01/2023;13/01/2023;17351,80;0;0;0;0;0;0;288,55
202300000000034;13128780010083;01/02/2023;16/01/2023;30365,28;0;0;0;0;0;0;504,97
202300000000035;13128780010083;01/02/2023;16/01/2023;4337,90;0;0;0;0;0;0;72,14
202300000000037;19432705000106;01/02/2023;17/01/2023;8675,79;0;0;0;0;0;0;144,28
202300000000098;11368671000126;04/02/2023;18/01/2023;23788,42;0;0;0;0;0;0;262,28
202300000000036;05050052000196;01/02/2023;23/01/2023;4337,90;0;0;0;0;0;0;72,14
202300000000038;13128780004431;01/02/2023;23/01/2023;13013,70;0;0;0;0;0;0;216,41
202300000000040;00796598000177;01/02/2023;23/01/2023;8675,79;0;0;0;0;0;0;144,28
202300000000043;13128780009662;01/02/2023;23/01/2023;4337,90;0;0;0;0;0;0;72,14
202300000000044;13128780009662;01/02/2023;23/01/2023;4337,90;0;0;0;0;0;0;72,14
202200000001887;17901209000129;31/12/2022;24/01/2023;14970,40;0;0;0;0;0;0;248,95
202300000000023;11718406000120;01/02/2023;25/01/2023;4337,90;0;0;0;0;0;0;72,14
202300000000024;11718406000120;01/02/2023;25/01/2023;8675,79;0;0;0;0;0;0;144,28
202300000000025;11718406000120;01/02/2023;25/01/2023;17351,60;0;0;0;0;0;0;288,55
202300000000026;11718406000120;01/02/2023;25/01/2023;43378,98;0;0;0;0;0;0;721,38
202300000000028;11718406000120;01/02/2023;25/01/2023;21689,49;0;0;0;0;0;0;360,69
202300000000029;11718406000120;01/02/2023;25/01/2023;22455,50;0;0;0;0;0;0;373,53
202300000000031;11718406000120;01/02/2023;25/01/2023;14970,40;0;0;0;0;0;0;248,95
202300000000033;11718406000120;01/02/2023;25/01/2023;29940,80;0;0;0;0;0;0;497,91
202300000000046;13128780004350;01/02/2023;25/01/2023;29174,69;0;0;0;0;0;0;485,17
202300000000017;13168992000102;01/02/2023;26/01/2023;37614,42;0;0;0;0;0;0;0
202300000000020;04556274000112;01/02/2023;26/01/2023;7522,82;0;0;0;0;0;0;0
202300000000021;34841226000137;01/02/2023;26/01/2023;15045,95;0;0;0;0;0;0;0
202300000000032;11718406000120;01/02/2023;26/01/2023;22455,60;0;0;0;0;0;0;373,43
202200000002078;17901209000129;15/01/2023;26/01/2023;8675,79;0;0;0;0;0;0;144,28
202200000002081;13128780004512;15/01/2023;27/01/2023;13013,70;0;0;0;0;0;0;216,41
202200000002082;13128780004512;15/01/2023;27/01/2023;8675,79;0;0;0;0;0;0;144,28
202300000000022;11718406000120;01/02/2023;30/01/2023;13013,70;0;0;0;0;0;0;216,41
202200000002079;17901209000129;15/01/2023;30/01/2023;14970,40;0;0;0;0;0;0;248,95
202300000000018;15613813000124;01/02/2023;31/01/2023;30091,29;0;0;0;0;0;0;0
202300000000027;11718406000120;01/02/2023;31/01/2023;65068,48;0;0;0;0;0;0;1082,07
202300000000030;11718406000120;01/02/2023;31/01/2023;52396,41;0;0;0;0;0;0;871,34
202300000000179;03904395000145;25/02/2023;31/01/2023;225476,33;0;0;0;0;0;0;1351,69
202300000000214;13168992000102;03/03/2023;17/02/2023;37614,12;0;0;0;0;0;0;0
202300000000216;15613813000124;03/03/2023;17/02/2023;30091,29;0;0;0;0;0;0;0
202300000000267;13128780004350;03/03/2023;24/02/2023;29174,69;0;0;0;0;0;0;485,17
202300000000270;13128780009662;03/03/2023;24/02/2023;4337,90;0;0;0;0;0;0;72,14
202300000000271;13128780009662;03/03/2023;24/02/2023;4337,90;0;0;0;0;0;0;72,14
202300000000220;11294402000162;03/03/2023;24/02/2023;150815,04;0;0;0;0;0;0;0
202200000001396;01073457000199;19/10/2022;01/03/2023;1187,50;0;0;0;0;0;0;0
202200000001552;01073457000199;06/11/2022;01/03/2023;1068,75;0;0;0;0;0;0;0
202200000001666;35564087000104;01/12/2022;01/03/2023;2063,88;0;0;0;0;0;0;0
202200000001803;01073457000199;16/12/2022;01/03/2023;1064;0;0;0;0;0;0;0
202200000002019;01073457000199;07/01/2023;01/03/2023;1064;0;0;0;0;0;0;0
202300000000107;01073457000199;05/02/2023;01/03/2023;1482;0;0;0;0;0;0;0
202300000000277;02949016000413;03/03/2023;01/03/2023;1292;0;0;0;0;0;0;0
202300000000289;05072232000179;09/03/2023;01/03/2023;2422,50;0;0;0;0;0;0;0
202300000000311;35564087000104;09/03/2023;01/03/2023;1026;0;0;0;0;0;0;0
202300000000321;01073457000199;09/03/2023;01/03/2023;1482;0;0;0;0;0;0;0
202300000000396;22531405000270;16/03/2023;01/03/2023;427,50;0;0;0;0;0;0;0
202300000000429;09209809000100;26/03/2023;01/03/2023;532;0;0;0;0;0;0;0
202200000001994;34938543000176;07/01/2023;02/03/2023;1377,50;0;0;0;0;0;0;0
202300000000276;12285276000142;03/03/2023;02/03/2023;15345,92;0;0;0;0;0;0;0
202300000000287;02223966010348;09/03/2023;02/03/2023;665;0;0;0;0;0;0;0
202200000000835;00360305084022;09/07/2022;03/03/2023;1056,54;0;0;0;0;0;0;0
202200000000836;00360305110635;09/07/2022;03/03/2023;528,27;0;0;0;0;0;0;0
202200000000837;00360305102020;09/07/2022;03/03/2023;1056,54;0;0;0;0;0;0;0
202200000000838;00360305239166;09/07/2022;03/03/2023;950,88;0;0;0;0;0;0;0
202200000000839;00360305005505;09/07/2022;03/03/2023;950,88;0;0;0;0;0;0;0
202200000000840;00360305427400;09/07/2022;03/03/2023;950,88;0;0;0;0;0;0;0
202300000000369;32728800000462;09/03/2023;03/03/2023;1140;0;0;0;0;0;0;0
202300000000306;69997096000100;09/03/2023;06/03/2023;1092,50;0;0;0;0;0;0;0
202300000000399;29315061000120;17/03/2023;06/03/2023;494;0;0;0;0;0;0;0
202300000000339;30903019000109;09/03/2023;06/03/2023;598,50;0;0;0;0;0;0;0
202300000000353;06091465000181;09/03/2023;06/03/2023;617,50;0;0;0;0;0;0;0
202300000000286;23233023000141;09/03/2023;07/03/2023;902,50;0;0;0;0;0;0;0
202300000000290;32876089000140;09/03/2023;07/03/2023;831,25;0;0;0;0;0;0;0
202300000000292;41424393000148;09/03/2023;07/03/2023;684;0;0;0;0;0;0;0
202300000000297;12020066000122;09/03/2023;07/03/2023;304;0;0;0;0;0;0;0
202300000000298;42763782000160;09/03/2023;07/03/2023;123,50;0;0;0;0;0;0;0
202300000000299;44160820000116;09/03/2023;07/03/2023;1235;0;0;0;0;0;0;0
202300000000300;23586875000112;09/03/2023;07/03/2023;1235;0;0;0;0;0;0;0
202300000000301;12303616000200;09/03/2023;07/03/2023;1596;0;0;0;0;0;0;0
202300000000302;12303616000463;09/03/2023;07/03/2023;1596;0;0;0;0;0;0;0
202300000000309;05876992000139;09/03/2023;07/03/2023;864,50;0;0;0;0;0;0;0
202300000000387;02668961000102;11/03/2023;07/03/2023;496,85;0;0;0;0;0;0;0
202300000000315;28964988000128;09/03/2023;07/03/2023;237,50;0;0;0;0;0;0;0
202300000000320;26587830000150;09/03/2023;07/03/2023;475;0;0;0;0;0;0;0
202300000000327;35546159000190;09/03/2023;07/03/2023;237,50;0;0;0;0;0;0;0
202300000000398;04517241000244;16/03/2023;07/03/2023;10283,75;0;0;0;0;0;0;0
202300000000328;00794431000177;09/03/2023;07/03/2023;807,50;0;0;0;0;0;0;0
202300000000329;18311885000105;09/03/2023;07/03/2023;1764;0;0;0;0;0;0;0
202300000000330;09344391000217;09/03/2023;07/03/2023;665;0;0;0;0;0;0;0
202300000000331;27216869001872;09/03/2023;07/03/2023;627;0;0;0;0;0;0;0
202300000000334;46720184000165;09/03/2023;07/03/2023;2375;0;0;0;0;0;0;0
202300000000335;04515488000221;09/03/2023;07/03/2023;475;0;0;0;0;0;0;0
202300000000376;04843468000360;09/03/2023;07/03/2023;735,30;0;0;0;0;0;0;0
202300000000338;29919761000123;09/03/2023;07/03/2023;1026;0;0;0;0;0;0;0
202300000000343;69990182000191;09/03/2023;07/03/2023;769,50;0;0;0;0;0;0;0
202300000000344;07165156000171;09/03/2023;07/03/2023;598,50;0;0;0;0;0;0;0
202300000000345;07165156000252;09/03/2023;07/03/2023;495,90;0;0;0;0;0;0;0
202300000000346;11290005000112;09/03/2023;07/03/2023;883,50;0;0;0;0;0;0;0
202300000000377;04843468000441;09/03/2023;07/03/2023;122,55;0;0;0;0;0;0;0
202300000000347;43931923000170;09/03/2023;07/03/2023;855;0;0;0;0;0;0;0
202300000000348;01747578000179;09/03/2023;07/03/2023;1615;0;0;0;0;0;0;0
202300000000349;08364485000295;09/03/2023;07/03/2023;997,50;0;0;0;0;0;0;0
202300000000350;07732587000172;09/03/2023;07/03/2023;684;0;0;0;0;0;0;0
202300000000351;11791767000100;09/03/2023;07/03/2023;570;0;0;0;0;0;0;0
202300000000352;27189666000196;09/03/2023;07/03/2023;403,20;0;0;0;0;0;0;0
202300000000358;04606375000150;09/03/2023;07/03/2023;237,50;0;0;0;0;0;0;0
202300000000360;03930531000503;09/03/2023;07/03/2023;513;0;0;0;0;0;0;0
202300000000363;12285276000142;09/03/2023;07/03/2023;5462,50;0;0;0;0;0;0;0
202300000000364;05126752000117;09/03/2023;07/03/2023;352,80;0;0;0;0;0;0;0
202300000000365;10811677000163;09/03/2023;07/03/2023;807,50;0;0;0;0;0;0;0
202300000000366;21008341000183;09/03/2023;07/03/2023;532;0;0;0;0;0;0;0
202300000000367;14937103000197;09/03/2023;07/03/2023;843,60;0;0;0;0;0;0;0
202300000000368;10847382001038;09/03/2023;07/03/2023;1140;0;0;0;0;0;0;0
202300000000375;13279320000174;09/03/2023;07/03/2023;855;0;0;0;0;0;0;0
202200000001774;44563716001810;09/12/2022;08/03/2023;912;0;0;0;0;0;0;0
202300000000294;17754859000199;09/03/2023;09/03/2023;266;0;0;0;0;0;0;0
202300000000283;04517241000244;09/03/2023;09/03/2023;8436;0;0;0;0;0;0;0
202200000001779;12014510000105;09/12/2022;13/03/2023;11400;0;0;0;0;0;0;0
202300000000394;48571583000137;16/03/2023;13/03/2023;258,40;0;0;0;0;0;0;0
202300000000395;48571583000137;16/03/2023;13/03/2023;1485,80;0;0;0;0;0;0;0
202300000000392;08840340000132;15/03/2023;13/03/2023;3040;0;0;0;0;0;0;0
202300000000393;01334368000159;15/03/2023;13/03/2023;2968,75;0;0;0;0;0;0;0
202300000000540;17763911001226;07/04/2023;14/03/2023;285;0;0;0;0;0;0;0
202300000000382;32718835000178;10/03/2023;14/03/2023;4702,42;329,16;0;0;0;0;0;0
202200000000196;24870569000176;01/04/2022;15/03/2023;332,50;0;0;0;0;0;0;0
202300000000295;12014510000105;09/03/2023;16/03/2023;9120;0;0;0;0;0;0;0
202300000000296;04843468000280;09/03/2023;16/03/2023;1235;0;0;0;0;0;0;0
202300000000324;13384059000172;09/03/2023;16/03/2023;897,75;0;0;0;0;0;0;0
202300000000332;24466120000147;09/03/2023;16/03/2023;547,20;0;0;0;0;0;0;0
202300000000284;04517241000244;09/03/2023;20/03/2023;3030,50;0;0;0;0;0;0;0
202300000000361;09133730000135;09/03/2023;20/03/2023;617,50;0;0;0;0;0;0;0
202300000000592;29448183000194;07/04/2023;20/03/2023;1140;0;0;0;0;0;0;0
202200000000351;08840340000132;20/04/2022;21/03/2023;212,80;0;0;0;0;0;0;0
202200000000352;08840340000132;20/04/2022;21/03/2023;212,80;0;0;0;0;0;0;0
202200000000751;08840340000132;29/06/2022;21/03/2023;212,80;0;0;0;0;0;0;0
202200000001825;08840340000132;17/12/2022;21/03/2023;532;0;0;0;0;0;0;0
202200000001964;08840340000132;05/01/2023;21/03/2023;212,80;0;0;0;0;0;0;0
202200000001965;08840340000132;05/01/2023;21/03/2023;159,60;0;0;0;0;0;0;0
202200000001966;08840340000132;05/01/2023;21/03/2023;106,40;0;0;0;0;0;0;0
202200000000344;24166316000116;20/04/2022;21/03/2023;212,80;0;0;0;0;0;0;0
202200000000346;24166316000116;20/04/2022;21/03/2023;212,80;0;0;0;0;0;0;0
202200000000753;24166316000116;29/06/2022;21/03/2023;212,80;0;0;0;0;0;0;0
202200000001960;24166316000116;05/01/2023;21/03/2023;304;0;0;0;0;0;0;0
202200000001961;24166316000116;05/01/2023;21/03/2023;76;0;0;0;0;0;0;0
202200000001962;24166316000116;05/01/2023;21/03/2023;425,60;0;0;0;0;0;0;0
202200000001963;24166316000116;05/01/2023;21/03/2023;425,60;0;0;0;0;0;0;0
202200000000349;01334368000159;20/04/2022;21/03/2023;212,80;0;0;0;0;0;0;0
202200000000350;01334368000159;20/04/2022;21/03/2023;212,80;0;0;0;0;0;0;0
202200000000752;01334368000159;29/06/2022;21/03/2023;159,60;0;0;0;0;0;0;0
202200000001968;01334368000159;05/01/2023;21/03/2023;372,40;0;0;0;0;0;0;0
202200000001970;01334368000159;05/01/2023;21/03/2023;159,60;0;0;0;0;0;0;0
202200000001971;01334368000159;05/01/2023;21/03/2023;744,80;0;0;0;0;0;0;0
202200000001967;01334368000159;05/01/2023;21/03/2023;159,60;0;0;0;0;0;0;0
202300000000372;02865831000151;09/03/2023;21/03/2023;684;0;0;0;0;0;0;0
202300000000607;24322398000493;07/04/2023;21/03/2023;4408;0;0;0;0;0;0;0
202300000000608;24322398000221;07/04/2023;21/03/2023;494;0;0;0;0;0;0;0
202300000000609;24322398000140;07/04/2023;21/03/2023;2850;0;0;0;0;0;0;0
202300000000610;24322398000736;07/04/2023;21/03/2023;3306;0;0;0;0;0;0;0
202200000000277;13384059000172;08/04/2022;23/03/2023;988;0;0;0;0;0;0;0
202300000000539;07480558000160;07/04/2023;23/03/2023;142,50;0;0;0;0;0;0;0
202200000001993;44563716001810;07/01/2023;24/03/2023;760;0;0;0;0;0;0;0
202300000000660;09209809000100;22/04/2023;27/03/2023;532;0;0;0;0;0;0;0
202300000000304;05126748000159;09/03/2023;28/03/2023;593,75;0;0;0;0;0;0;0
202300000000319;09628926000109;09/03/2023;28/03/2023;712,50;0;0;0;0;0;0;0
202300000000340;39249210000153;09/03/2023;28/03/2023;593,75;0;0;0;0;0;0;0
202300000000342;12392171000192;09/03/2023;28/03/2023;921,50;0;0;0;0;0;0;0
202300000000374;38275932000110;09/03/2023;28/03/2023;1049,75;0;0;0;0;0;0;0
202300000000430;18025659000168;29/03/2023;28/03/2023;684;0;0;0;0;0;0;0
202300000000543;27827034000100;07/04/2023;28/03/2023;570;0;0;0;0;0;0;0
202300000000617;27614260000103;08/04/2023;28/03/2023;532;0;0;0;0;0;0;0
202200000001760;24870569000176;07/12/2022;29/03/2023;332,50;0;0;0;0;0;0;0
202200000001765;06091465000181;07/12/2022;29/03/2023;617,50;0;0;0;0;0;0;0
202300000000354;17428731016643;09/03/2023;29/03/2023;587,28;0;0;0;0;0;0;0
202300000000397;22531405000270;16/03/2023;29/03/2023;285;0;0;0;0;0;0;0
202300000000634;32718835000178;15/04/2023;29/03/2023;3831,60;0;0;0;0;0;0;0
202300000000635;14391014000198;15/04/2023;29/03/2023;2850;0;0;0;0;0;0;0
202200000000342;29448183000194;17/04/2022;30/03/2023;533,43;0;0;0;0;0;0;0
202300000000129;44563716001810;05/02/2023;30/03/2023;988;0;0;0;0;0;0;0
202200000000195;29448183000194;01/04/2022;30/03/2023;570;0;0;0;0;0;0;0
202300000000371;44563716001810;09/03/2023;30/03/2023;912;0;0;0;0;0;0;0
202200000000555;10847382001038;27/05/2022;31/03/2023;912;0;0;0;0;0;0;0
202200000001403;10847382001038;19/10/2022;31/03/2023;342;0;0;0;0;0;0;0
202200000001614;10847382001038;24/11/2022;31/03/2023;465,50;0;0;0;0;0;0;0
202200000001813;10847382001038;17/12/2022;31/03/2023;636,50;0;0;0;0;0;0;0
202300000000115;10847382001038;05/02/2023;31/03/2023;636,50;0;0;0;0;0;0;0
202300000000492;02949016000413;01/04/2023;31/03/2023;1615;0;0;0;0;0;0;0
202300000000615;30597341000157;08/04/2023;31/03/2023;541,50;0;0;0;0;0;0;0
202300000000401;03926703000133;18/03/2023;01/03/2023;226,62;0;0;0;0;0;0;0
202300000000424;38460570000137;18/03/2023;01/03/2023;104,98;0;0;0;0;0;0;0
202300000000408;36177114000159;18/03/2023;07/03/2023;100;0;0;0;0;0;0;0
202300000000414;04538231000104;18/03/2023;07/03/2023;90;0;0;0;0;0;0;0
202300000000407;10250158000254;18/03/2023;08/03/2023;100;0;0;0;0;0;0;0
202300000000413;12612456000191;18/03/2023;08/03/2023;126,73;0;0;0;0;0;0;0
202300000000418;35434511000104;18/03/2023;08/03/2023;100;0;0;0;0;0;0;0
202300000000403;11824146000178;18/03/2023;10/03/2023;139,98;0;0;0;0;0;0;0
202300000000404;05943034000133;18/03/2023;10/03/2023;90;0;0;0;0;0;0;0
202300000000405;12215304000155;18/03/2023;10/03/2023;137,49;0;0;0;0;0;0;0
202300000000409;09308955000185;18/03/2023;10/03/2023;100;0;0;0;0;0;0;0
202300000000411;00495095000161;18/03/2023;10/03/2023;387;0;0;0;0;0;0;0
202300000000651;04538231000104;15/04/2023;27/03/2023;85,50;0;0;0;0;0;0;0
202300000000639;03926703000133;15/04/2023;28/03/2023;234,95;0;0;0;0;0;0;0
202300000000644;10250158000254;15/04/2023;28/03/2023;95;0;0;0;0;0;0;0
202300000000654;35434511000104;15/04/2023;28/03/2023;95;0;0;0;0;0;0;0
202300000000643;10250158000688;15/04/2023;29/03/2023;95;0;0;0;0;0;0;0
202300000000648;00495095000161;15/04/2023;29/03/2023;454,57;0;0;0;0;0;0;0
202300000000650;12612456000191;15/04/2023;29/03/2023;131,10;0;0;0;0;0;0;0
202300000000419;10741183000150;18/03/2023;29/03/2023;95;26;0;0;0;0;0;0
202300000000640;07821600000160;15/04/2023;30/03/2023;170,97;0;0;0;0;0;0;0
202300000000649;18586862000103;15/04/2023;30/03/2023;95;0;0;0;0;0;0;0
202300000000641;11824146000178;15/04/2023;31/03/2023;189,17;0;0;0;0;0;0;0
202300000000642;12215304000155;15/04/2023;31/03/2023;227,15;0;0;0;0;0;0;0
202300000000645;09308955000185;15/04/2023;31/03/2023;95;0;0;0;0;0;0;0
202300000000653;22150907000170;15/04/2023;31/03/2023;367,39;0;0;0;0;0;0;0
202300000000655;15110859000120;15/04/2023;31/03/2023;314,89;0;0;0;0;0;0;0
202300000000656;04563500000192;15/04/2023;31/03/2023;254,60;0;0;0;0;0;0;0
202300000000415;09623431000189;18/03/2023;09/03/2023;336,50;0;0;0;0;0;0;0
202300000000423;20947234000158;18/03/2023;09/03/2023;151,67;0;0;0;0;0;0;0
202300000000416;32062768000186;18/03/2023;10/03/2023;100;0;0;0;0;0;0;0
202300000000417;22150907000170;18/03/2023;10/03/2023;304,92;0;0;0;0;0;0;0
202300000000426;04563500000192;18/03/2023;10/03/2023;203;0;0;0;0;0;0;0
202300000000402;07821600000160;18/03/2023;13/03/2023;111,66;3,34;0;0;0;0;0;0
202300000000422;09618386000174;18/03/2023;16/03/2023;217,45;17,38;0;0;0;0;0;0
202300000000412;18586862000103;18/03/2023;20/03/2023;100;10;0;0;0;0;0;0
202300000000410;03963091000159;18/03/2023;24/03/2023;0;40,81;0;0;0;0;0;0
202300000000386;11757681000153;11/03/2023;02/03/2023;3330,70;0;0;0;0;0;0;37,64
202300000000628;13128897000185;14/04/2023;16/03/2023;131263,04;0;0;0;0;0;0;1483,20
202300000000625;13128897000185;13/04/2023;16/03/2023;136598,18;0;0;0;0;0;0;1543,48
202200000001188;13128889000139;08/09/2022;06/03/2023;15253,24;0;0;0;0;0;0;245,23
202200000001576;13117320000178;09/11/2022;07/03/2023;40723,65;0;0;0;0;0;0;669,06
202200000001189;13128889000139;08/09/2022;07/03/2023;11598,40;0;0;0;0;0;0;186,47
202300000000431;13104740000110;30/03/2023;10/03/2023;48781,76;0;0;0;0;0;0;886,94
202300000000432;13104740000110;30/03/2023;10/03/2023;8130,29;0;0;0;0;0;0;147,82
202300000000200;12243697000100;02/03/2023;14/03/2023;23963,48;0;0;0;0;0;0;393,70
202300000000091;13117320000178;02/02/2023;22/03/2023;40170,62;0;0;0;0;0;0;659,98
202300000000497;12243697000100;01/04/2023;09/03/2023;85994,70;0;0;0;0;0;0;1412,85
202200000001663;13128889000139;01/12/2022;13/03/2023;33920,85;0;0;0;0;0;0;545,35
202200000001665;13128889000139;01/12/2022;13/03/2023;31836,06;0;0;0;0;0;0;511,83
202300000000244;11718406000120;03/03/2023;01/03/2023;22455,60;0;0;0;0;0;0;373,43
202200000001677;17901209000129;01/12/2022;02/03/2023;7485,20;0;0;0;0;0;0;124,48
202200000001888;17901209000129;31/12/2022;02/03/2023;7485,20;0;0;0;0;0;0;124,48
202300000000217;34841195000114;03/03/2023;02/03/2023;150456,48;0;0;0;0;0;0;0
202300000000240;11718406000120;03/03/2023;02/03/2023;17351,60;0;0;0;0;0;0;288,55
202300000000241;11718406000120;03/03/2023;02/03/2023;43378,98;0;0;0;0;0;0;721,38
202300000000326;34841195000114;09/03/2023;02/03/2023;2312,33;0;0;0;0;0;0;0
202300000000005;11294402000162;01/02/2023;03/03/2023;8189,48;0;0;0;0;0;0;0
202300000000235;34850014000116;03/03/2023;03/03/2023;84450,37;0;0;0;0;0;0;1404,39
202300000000278;13018171000190;04/03/2023;06/03/2023;395046,75;0;0;0;3207,75;14805;4935;23688
202300000000237;11718406000120;03/03/2023;06/03/2023;13013,70;0;0;0;0;0;0;216,41
202300000000238;11718406000120;03/03/2023;06/03/2023;4337,60;0;0;0;0;0;0;72,14
202300000000239;11718406000120;03/03/2023;06/03/2023;8675,79;0;0;0;0;0;0;144,28
202300000000242;11718406000120;03/03/2023;06/03/2023;65068,48;0;0;0;0;0;0;1082,07
202300000000243;11718406000120;03/03/2023;06/03/2023;21689,49;0;0;0;0;0;0;360,69
202300000000245;11718406000120;03/03/2023;06/03/2023;52396,41;0;0;0;0;0;0;871,34
202300000000246;11718406000120;03/03/2023;06/03/2023;14970,40;0;0;0;0;0;0;248,95
202300000000248;11718406000120;03/03/2023;06/03/2023;29940,80;0;0;0;0;0;0;497,91
202300000000254;17901209000129;03/03/2023;07/03/2023;43378,98;0;0;0;0;0;0;721,38
202300000000255;17901209000129;03/03/2023;07/03/2023;21689,49;0;0;0;0;0;0;360,69
202300000000256;17901209000129;03/03/2023;07/03/2023;8675,79;0;0;0;0;0;0;144,28
202300000000257;17901209000129;03/03/2023;07/03/2023;14970,40;0;0;0;0;0;0;248,95
202300000000258;17901209000129;03/03/2023;07/03/2023;7485,20;0;0;0;0;0;0;124,48
202300000000259;13128780004512;03/03/2023;07/03/2023;13013,70;0;0;0;0;0;0;216,41
202300000000260;13128780004512;03/03/2023;07/03/2023;8675,79;0;0;0;0;0;0;144,28
202300000000247;11718406000120;03/03/2023;08/03/2023;22455,60;0;0;0;0;0;0;373,43
202300000000480;19432705000106;31/03/2023;08/03/2023;8977,39;0;0;0;0;0;0;149,29
202300000000445;18169809000107;31/03/2023;09/03/2023;34422,07;0;0;0;0;0;0;572,43
202200000001306;13128889000139;02/10/2022;10/03/2023;37918,28;0;0;0;0;0;0;609,62
202300000000469;13128780010083;31/03/2023;10/03/2023;31420,87;0;0;0;0;0;0;522,52
202300000000470;13128780010083;31/03/2023;10/03/2023;4488,69;0;0;0;0;0;0;74,65
202300000000479;13128780003389;31/03/2023;10/03/2023;62841,72;0;0;0;0;0;0;1045,04
202300000000427;11368671000126;24/03/2023;10/03/2023;28931,98;0;0;0;0;0;0;318,99
202300000000468;13128780003974;31/03/2023;13/03/2023;20947,24;0;0;0;0;0;0;348,35
202300000000506;13128780003974;06/04/2023;13/03/2023;2551,30;0;0;0;0;0;0;42,43
202200000001884;17901209000129;31/12/2022;14/03/2023;43378,98;0;0;0;0;0;0;721,38
202300000000233;11294402000162;03/03/2023;14/03/2023;13569,86;0;0;0;0;0;0;0
202300000000231;11294402000162;03/03/2023;14/03/2023;18950,24;0;0;0;0;0;0;0
202300000000230;11294402000162;03/03/2023;14/03/2023;38138,28;0;0;0;0;0;0;0
202300000000232;11294402000162;03/03/2023;14/03/2023;13569,86;0;0;0;0;0;0;0
202300000000234;11294402000162;03/03/2023;14/03/2023;8189,48;0;0;0;0;0;0;0
202300000000225;11168783000133;03/03/2023;14/03/2023;38674,90;0;0;0;0;0;0;0
202300000000226;11168783000133;03/03/2023;14/03/2023;20208,01;0;0;0;0;0;0;0
202300000000227;11168783000133;03/03/2023;14/03/2023;59463,68;0;0;0;0;0;0;0
202300000000228;11168783000133;03/03/2023;14/03/2023;6445,82;0;0;0;0;0;0;0
202300000000229;11168783000133;03/03/2023;14/03/2023;6445,82;0;0;0;0;0;0;0
202300000000444;11294402000162;31/03/2023;14/03/2023;51301,83;0;0;0;0;0;0;0
202300000000451;11294402000162;31/03/2023;14/03/2023;24716,07;0;0;0;0;0;0;0
202300000000481;13128780004431;31/03/2023;14/03/2023;13466,08;0;0;0;0;0;0;223,94
202300000000391;11718406000120;12/03/2023;14/03/2023;4539,51;0;0;0;0;0;0;75,49
202300000000223;11294402000162;03/03/2023;15/03/2023;12358,04;0;0;0;0;0;0;0
202300000000434;15613813000124;31/03/2023;15/03/2023;30091,29;0;0;0;0;0;0;0
202300000000471;05050052000196;31/03/2023;15/03/2023;4488,69;0;0;0;0;0;0;74,65
202300000000482;13128780004601;31/03/2023;15/03/2023;4488,69;0;0;0;0;0;0;74,65
202300000000485;13128780004784;31/03/2023;15/03/2023;8977,39;0;0;0;0;0;0;149,29
202300000000219;34841226000137;03/03/2023;16/03/2023;15045,65;0;0;0;0;0;0;0
202300000000439;34850014000116;31/03/2023;16/03/2023;84450,37;0;0;0;0;0;0;1404,39
202300000000175;03904395000145;24/02/2023;17/03/2023;8382,77;0;0;0;0;0;0;29,76
202300000000453;11294402000162;31/03/2023;17/03/2023;12358,04;0;0;0;0;0;0;0
202300000000448;11294402000162;31/03/2023;17/03/2023;150815,04;0;0;0;0;0;0;0
202300000000509;03904395000145;06/04/2023;17/03/2023;13971,29;0;0;0;0;0;0;49,59
202300000000511;03904395000145;06/04/2023;17/03/2023;13971,29;0;0;0;0;0;0;49,59
202300000000508;03904395000145;06/04/2023;17/03/2023;8382,78;0;0;0;0;0;0;29,76
202300000000450;11294402000162;31/03/2023;20/03/2023;43253,12;0;0;0;0;0;0;0
202300000000447;11294402000162;31/03/2023;20/03/2023;288271,62;0;0;0;0;0;0;0
202300000000510;03904395000145;06/04/2023;20/03/2023;376920,72;0;0;0;0;0;0;2266,39
202300000000512;03904395000145;06/04/2023;20/03/2023;13971,29;0;0;0;0;0;0;49,59
202300000000513;03904395000145;06/04/2023;20/03/2023;97798,98;0;0;0;0;0;0;347,16
202300000000514;03904395000145;06/04/2023;20/03/2023;76466,88;0;0;0;0;0;0;446,35
202300000000515;03904395000145;06/04/2023;20/03/2023;13971,29;0;0;0;0;0;0;49,59
202300000000483;00796598000177;31/03/2023;20/03/2023;8977,39;0;0;0;0;0;0;149,29
202300000000435;34841195000114;31/03/2023;21/03/2023;150456,48;0;0;0;0;0;0;0
202300000000446;11718406000120;31/03/2023;23/03/2023;13466,08;0;0;0;0;0;0;223,94
202300000000452;11718406000120;31/03/2023;23/03/2023;8977,39;0;0;0;0;0;0;149,29
202300000000458;11718406000120;31/03/2023;23/03/2023;44886,94;0;0;0;0;0;0;746,46
202300000000461;11718406000120;31/03/2023;23/03/2023;67330,41;0;0;0;0;0;0;1119,69
202300000000462;11718406000120;31/03/2023;23/03/2023;22443,47;0;0;0;0;0;0;373,23
202300000000463;11718406000120;31/03/2023;23/03/2023;22469,71;0;0;0;0;0;0;373,66
202300000000465;11718406000120;31/03/2023;23/03/2023;14979,80;0;0;0;0;0;0;249,11
202300000000466;11718406000120;31/03/2023;23/03/2023;22469,71;0;0;0;0;0;0;373,66
202300000000467;11718406000120;31/03/2023;23/03/2023;29959,61;0;0;0;0;0;0;498,22
202300000000449;11718406000120;31/03/2023;23/03/2023;4488,69;0;0;0;0;0;0;74,65
202300000000003;11294402000162;01/02/2023;24/03/2023;13569,86;0;0;0;0;0;0;0
202300000000477;13128780004512;31/03/2023;24/03/2023;13466,08;0;0;0;0;0;0;223,94
202300000000507;34841195000114;06/04/2023;24/03/2023;3333,60;0;0;0;0;0;0;0
202300000000488;13128780004350;31/03/2023;27/03/2023;29933,38;0;0;0;0;0;0;497,78
202300000000631;13128780009662;14/04/2023;27/03/2023;4337,90;0;0;0;0;0;0;72,14
202300000000630;13128780009662;14/04/2023;27/03/2023;4337,90;0;0;0;0;0;0;72,14
202300000000501;13128780004350;05/04/2023;27/03/2023;1894,20;0;0;0;0;0;0;31,50
202300000000472;17901209000129;31/03/2023;29/03/2023;44886,94;0;0;0;0;0;0;746,46
202300000000473;17901209000129;31/03/2023;29/03/2023;22443,47;0;0;0;0;0;0;373,23
202300000000475;17901209000129;31/03/2023;29/03/2023;14979,80;0;0;0;0;0;0;249,11
202300000000474;17901209000129;31/03/2023;29/03/2023;8977,39;0;0;0;0;0;0;149,29
202300000000455;11718406000120;31/03/2023;31/03/2023;17954,78;0;0;0;0;0;0;298,58
202300000000464;11718406000120;31/03/2023;31/03/2023;52429,31;0;0;0;0;0;0;871,88
202300000000620;11718406000120;12/04/2023;31/03/2023;1840,69;0;0;0;0;0;0;30,61
202300000000618;27614260000103;08/04/2023;18/04/2023;399;0;0;0;0;0;0;0
202200000000675;43931923000170;10/06/2022;27/04/2023;399;0;0;0;0;0;0;0
202300000000646;28089000000129;15/04/2023;04/04/2023;85,50;5,13;0;0;0;0;0;0
202300000000652;09623431000189;15/04/2023;10/04/2023;156,77;14,10;0;0;0;0;0;0
202300000000854;03926703000133;12/05/2023;20/04/2023;197,46;0;0;0;0;0;0;0
202300000000882;38460570000137;13/05/2023;24/04/2023;106,93;0;0;0;0;0;0;0
202300000000866;12612456000191;12/05/2023;25/04/2023;104,02;0;0;0;0;0;0;0
202300000000647;03963091000159;15/04/2023;26/04/2023;225,80;63,21;0;0;0;0;0;0
202300000000867;04538231000104;12/05/2023;26/04/2023;85,50;0;0;0;0;0;0;0
202300000000859;10250158000254;12/05/2023;26/04/2023;95;0;0;0;0;0;0;0
202300000000855;07821600000160;12/05/2023;26/04/2023;173,35;0;0;0;0;0;0;0
202300000000862;28089000000129;12/05/2023;27/04/2023;85,50;0;0;0;0;0;0;0
202300000000883;04563500000192;13/05/2023;28/04/2023;208,05;0;0;0;0;0;0;0
202300000000881;15110859000120;13/05/2023;28/04/2023;541,74;0;0;0;0;0;0;0
202300000000872;35434511000104;12/05/2023;28/04/2023;95;0;0;0;0;0;0;0
202300000000869;32062768000186;12/05/2023;28/04/2023;95;0;0;0;0;0;0;0
202300000000861;09308955000185;12/05/2023;28/04/2023;95;0;0;0;0;0;0;0
202300000000860;36177114000159;12/05/2023;28/04/2023;95;0;0;0;0;0;0;0
202300000000857;12215304000155;12/05/2023;28/04/2023;160,68;0;0;0;0;0;0;0
202300000000856;11824146000178;12/05/2023;28/04/2023;123,49;0;0;0;0;0;0;0
202300000000873;41551859000176;12/05/2023;28/04/2023;95;0;0;0;0;0;0;0
202300000000744;13128897000185;05/05/2023;12/04/2023;306217,61;0;0;0;0;0;0;3460,09
202300000000626;11757681000153;13/04/2023;13/04/2023;1223,03;0;0;0;0;0;0;13,82
202200000001902;13117320000178;31/12/2022;20/04/2023;40206,56;0;0;0;0;0;0;660,57
202300000000502;13128855000144;05/04/2023;03/04/2023;159150,80;0;0;0;0;0;0;1798,31
202300000000673;13104740000110;30/04/2023;05/04/2023;44132,82;0;0;0;0;0;0;733,92
202300000000671;13104740000110;30/04/2023;11/04/2023;48781,76;0;0;0;0;0;0;886,94
202300000000672;13104740000110;30/04/2023;11/04/2023;8130,29;0;0;0;0;0;0;147,82
202300000000675;13104740000110;30/04/2023;11/04/2023;30211,36;0;0;0;0;0;0;502,41
202300000000737;12243697000100;03/05/2023;14/04/2023;85396,82;0;0;0;0;0;0;1403,01
202300000000438;11168783000133;31/03/2023;03/04/2023;38674,90;0;0;0;0;0;0;0
202300000000442;11168783000133;31/03/2023;03/04/2023;6445,82;0;0;0;0;0;0;0
202300000000459;11294402000162;31/03/2023;03/04/2023;13569,86;0;0;0;0;0;0;0
202300000000460;11294402000162;31/03/2023;03/04/2023;8189,48;0;0;0;0;0;0;0
202300000000622;11049830000120;12/04/2023;03/04/2023;10561;0;0;0;0;0;0;0
202300000000478;13128780004512;31/03/2023;04/04/2023;8977,39;0;0;0;0;0;0;149,29
202300000000489;13366927000191;31/03/2023;04/04/2023;46904;0;0;0;0;0;0;780
202300000000736;11294402000162;03/05/2023;04/04/2023;60299,67;0;0;0;0;0;0;0
202300000000694;11294402000162;03/05/2023;04/04/2023;24716,07;0;0;0;0;0;0;0
202300000000693;11294402000162;03/05/2023;04/04/2023;43253,12;0;0;0;0;0;0;0
202300000000690;11294402000162;03/05/2023;04/04/2023;339158,76;0;0;0;0;0;0;0
202300000000692;11294402000162;03/05/2023;05/04/2023;177902,87;0;0;0;0;0;0;0
202300000000695;11294402000162;03/05/2023;05/04/2023;12358,04;0;0;0;0;0;0;0
202300000000379;10565000000192;10/03/2023;06/04/2023;750,04;0;0;0;0;0;0;0
202300000000380;10565000000192;10/03/2023;06/04/2023;3000,17;0;0;0;0;0;0;0
202300000000381;10565000000192;10/03/2023;06/04/2023;750,04;0;0;0;0;0;0;0
202300000000727;19432705000106;03/05/2023;10/04/2023;8977,39;0;0;0;0;0;0;149,29
202300000000433;13168992000102;31/03/2023;11/04/2023;37614,12;0;0;0;0;0;0;0
202300000000699;18169809000107;03/05/2023;11/04/2023;34422,07;0;0;0;0;0;0;572,43
202300000000440;11168783000133;31/03/2023;12/04/2023;20208,01;0;0;0;0;0;0;0
202300000000441;11168783000133;31/03/2023;12/04/2023;59463,68;0;0;0;0;0;0;0
202300000000443;11168783000133;31/03/2023;12/04/2023;6445,82;0;0;0;0;0;0;0
202300000000454;11294402000162;31/03/2023;12/04/2023;38138,28;0;0;0;0;0;0;0
202300000000456;11294402000162;31/03/2023;12/04/2023;18950,24;0;0;0;0;0;0;0
202300000000457;11294402000162;31/03/2023;12/04/2023;13569,86;0;0;0;0;0;0;0
202300000000437;34841226000137;31/03/2023;12/04/2023;15045,65;0;0;0;0;0;0;0
202300000000848;03904395000145;11/05/2023;12/04/2023;13971,29;0;0;0;0;0;0;49,59
202300000000847;03904395000145;11/05/2023;12/04/2023;97798,98;0;0;0;0;0;0;347,16
202300000000846;03904395000145;11/05/2023;12/04/2023;74683,14;0;0;0;0;0;0;424,86
202300000000844;03904395000145;11/05/2023;12/04/2023;13971,29;0;0;0;0;0;0;49,59
202300000000845;03904395000145;11/05/2023;12/04/2023;13971,29;0;0;0;0;0;0;49,59
202300000000100;43061782000181;04/02/2023;13/04/2023;14672;0;0;0;0;0;0;0
202300000000282;43061782000181;08/03/2023;13/04/2023;14672;0;0;0;0;0;0;0
202300000000500;43061782000181;02/04/2023;13/04/2023;14672;0;0;0;0;0;0;0
202300000000849;03904395000145;11/05/2023;13/04/2023;13971,29;0;0;0;0;0;0;49,59
202300000000879;03904395000145;13/05/2023;13/04/2023;380019,48;0;0;0;0;0;0;2303,73
202300000000684;15613813000124;03/05/2023;14/04/2023;30091,29;0;0;0;0;0;0;0
202300000000716;13128780010083;03/05/2023;14/04/2023;31420,87;0;0;0;0;0;0;522,52
202300000000715;13128780003974;03/05/2023;14/04/2023;22443,37;0;0;0;0;0;0;373,33
202300000000746;13128780003974;06/05/2023;14/04/2023;2945,53;0;0;0;0;0;0;48,98
202300000000476;17901209000129;31/03/2023;17/04/2023;7489,91;0;0;0;0;0;0;124,55
202300000000717;13128780010083;03/05/2023;17/04/2023;4488,69;0;0;0;0;0;0;74,65
202300000000718;05050052000196;03/05/2023;17/04/2023;4488,69;0;0;0;0;0;0;74,65
202300000000697;34850014000116;03/05/2023;18/04/2023;89460,27;0;0;0;0;0;0;1487,70
202300000000729;13128780004601;03/05/2023;18/04/2023;4488,69;0;0;0;0;0;0;74,65
202300000000722;17901209000129;03/05/2023;19/04/2023;14979,80;0;0;0;0;0;0;249,11
202300000000721;17901209000129;03/05/2023;19/04/2023;8977,39;0;0;0;0;0;0;149,29
202300000000723;17901209000129;03/05/2023;19/04/2023;7489,91;0;0;0;0;0;0;124,55
202300000000724;13128780004512;03/05/2023;19/04/2023;13466,08;0;0;0;0;0;0;223,94
202300000000725;13128780004512;03/05/2023;19/04/2023;8977,39;0;0;0;0;0;0;149,29
202300000000678;11049830000120;03/05/2023;20/04/2023;10384;0;0;0;0;0;0;177
202300000000745;34841195000114;06/05/2023;20/04/2023;481,38;0;0;0;0;0;0;0
202200000001885;17901209000129;31/12/2022;25/04/2023;21689,49;0;0;0;0;0;0;360,69
202200000002076;17901209000129;15/01/2023;25/04/2023;43378,98;0;0;0;0;0;0;721,38
202200000002080;17901209000129;15/01/2023;25/04/2023;7485,20;0;0;0;0;0;0;124,48
202300000000720;17901209000129;03/05/2023;26/04/2023;22443,47;0;0;0;0;0;0;373,23
202300000000732;13128780004784;03/05/2023;26/04/2023;8977,39;0;0;0;0;0;0;149,29
202300000000889;13128780009662;14/05/2023;26/04/2023;4337,90;0;0;0;0;0;0;72,14
202300000000888;13128780009662;14/05/2023;26/04/2023;4337,90;0;0;0;0;0;0;72,14
202300000000686;34841195000114;03/05/2023;27/04/2023;150456,48;0;0;0;0;0;0;0
202300000000615;30597341000157;08/04/2023;02/05/2023;541,50;0;0;0;0;0;0;0
202300000000591;09133730000135;07/04/2023;02/05/2023;617,50;0;0;0;0;0;0;0
202300000000776;35564087000104;10/05/2023;03/05/2023;1976;0;0;0;0;0;0;0
202300000000677;02949016000413;03/05/2023;03/05/2023;1938;0;0;0;0;0;0;0
202300000000793;18311885000105;10/05/2023;03/05/2023;1764;0;0;0;0;0;0;0
202300000000740;27216869001872;03/05/2023;03/05/2023;926,25;0;0;0;0;0;0;0
202300000000813;01747578000179;10/05/2023;03/05/2023;2066,25;0;0;0;0;0;0;0
202300000000896;27189666000196;27/05/2023;03/05/2023;436,80;0;0;0;0;0;0;0
202300000000830;05126752000117;10/05/2023;03/05/2023;436,80;0;0;0;0;0;0;0
202300000000836;32728800000462;10/05/2023;03/05/2023;1140;0;0;0;0;0;0;0
202300000000770;17763911001226;10/05/2023;04/05/2023;285;0;0;0;0;0;0;0
202300000000771;69997096000100;10/05/2023;04/05/2023;1092,50;0;0;0;0;0;0;0
202300000000772;69997096000372;10/05/2023;04/05/2023;807,50;0;0;0;0;0;0;0
202300000000851;32718835000178;12/05/2023;04/05/2023;9028,65;376,18;0;0;0;0;0;0
202300000000851;32718835000178;12/05/2023;12/05/2023;0;0;0;0;0;0;0;0
202300000000794;09344391000217;10/05/2023;05/05/2023;855;0;0;0;0;0;0;0
202300000000832;21008341000183;10/05/2023;05/05/2023;570;0;0;0;0;0;0;0
202300000000789;04517241000244;10/05/2023;05/05/2023;3030,50;0;0;0;0;0;0;0
202300000000792;04517241000244;10/05/2023;05/05/2023;9177;0;0;0;0;0;0;0
202200000001408;29448183000194;19/10/2022;08/05/2023;1103,43;0;0;0;0;0;0;0
202300000000750;23233023000141;10/05/2023;08/05/2023;522,50;0;0;0;0;0;0;0
202300000000751;02223966010348;10/05/2023;08/05/2023;665;0;0;0;0;0;0;0
202300000000752;34939001000207;10/05/2023;08/05/2023;532;0;0;0;0;0;0;0
202300000000753;05072232000179;10/05/2023;08/05/2023;1852,50;0;0;0;0;0;0;0
202300000000754;32876089000140;10/05/2023;08/05/2023;1068,75;0;0;0;0;0;0;0
202300000000756;41424393000148;10/05/2023;08/05/2023;684;0;0;0;0;0;0;0
202300000000758;17754859000199;10/05/2023;08/05/2023;199,50;0;0;0;0;0;0;0
202300000000760;04843468000280;10/05/2023;08/05/2023;1235;0;0;0;0;0;0;0
202300000000761;12020066000122;10/05/2023;08/05/2023;380;0;0;0;0;0;0;0
202300000000762;42763782000160;10/05/2023;08/05/2023;342;0;0;0;0;0;0;0
202300000000763;44160820000116;10/05/2023;08/05/2023;1235;0;0;0;0;0;0;0
202300000000764;23586875000112;10/05/2023;08/05/2023;1235;0;0;0;0;0;0;0
202300000000765;12303616000200;10/05/2023;08/05/2023;1596;0;0;0;0;0;0;0
202300000000766;12303616000463;10/05/2023;08/05/2023;1596;0;0;0;0;0;0;0
202300000000774;05876992000139;10/05/2023;08/05/2023;864,50;0;0;0;0;0;0;0
202300000000875;02668961000102;12/05/2023;08/05/2023;496,85;0;0;0;0;0;0;0
202300000000777;29315061000120;10/05/2023;08/05/2023;570;0;0;0;0;0;0;0
202300000000779;28964988000128;10/05/2023;08/05/2023;237,50;0;0;0;0;0;0;0
202300000000782;26587830000150;10/05/2023;08/05/2023;807,50;0;0;0;0;0;0;0
202300000000784;18021441000135;10/05/2023;08/05/2023;1030,75;0;0;0;0;0;0;0
202300000000787;35546159000190;10/05/2023;08/05/2023;237,50;0;0;0;0;0;0;0
202300000000876;04517241000244;12/05/2023;08/05/2023;9139;0;0;0;0;0;0;0
202300000000797;46720184000165;10/05/2023;08/05/2023;2375;0;0;0;0;0;0;0
202300000000799;04515488000221;10/05/2023;08/05/2023;855;0;0;0;0;0;0;0
202300000000800;04843468000360;10/05/2023;08/05/2023;1235;0;0;0;0;0;0;0
202300000000803;29919761000123;10/05/2023;08/05/2023;855;0;0;0;0;0;0;0
202300000000804;30903019000109;10/05/2023;08/05/2023;769,50;0;0;0;0;0;0;0
202300000000807;69990182000191;10/05/2023;08/05/2023;684;0;0;0;0;0;0;0
202300000000808;07165156000171;10/05/2023;08/05/2023;855;0;0;0;0;0;0;0
202300000000809;07165156000252;10/05/2023;08/05/2023;504,45;0;0;0;0;0;0;0
202300000000810;11290005000112;10/05/2023;08/05/2023;798;0;0;0;0;0;0;0
202300000000811;04843468000441;10/05/2023;08/05/2023;1235;0;0;0;0;0;0;0
202300000000812;43931923000170;10/05/2023;08/05/2023;1520;0;0;0;0;0;0;0
202300000000814;08364485000295;10/05/2023;08/05/2023;997,50;0;0;0;0;0;0;0
202300000000815;07732587000172;10/05/2023;08/05/2023;684;0;0;0;0;0;0;0
202300000000816;11791767000100;10/05/2023;08/05/2023;570;0;0;0;0;0;0;0
202300000000820;29932278000189;10/05/2023;08/05/2023;1425;0;0;0;0;0;0;0
202300000000824;04606375000150;10/05/2023;08/05/2023;237,50;0;0;0;0;0;0;0
202300000000825;03402488000171;10/05/2023;08/05/2023;456;0;0;0;0;0;0;0
202300000000826;03930531000503;10/05/2023;08/05/2023;598,50;0;0;0;0;0;0;0
202300000000827;09133730000135;10/05/2023;08/05/2023;617,50;0;0;0;0;0;0;0
202300000000829;12285276000142;10/05/2023;08/05/2023;5462,50;0;0;0;0;0;0;0
202300000000831;10811677000163;10/05/2023;08/05/2023;807,50;0;0;0;0;0;0;0
202300000000834;14937103000197;10/05/2023;08/05/2023;843,60;0;0;0;0;0;0;0
202300000000841;13279320000174;10/05/2023;08/05/2023;855;0;0;0;0;0;0;0
202300000000791;00794431000177;10/05/2023;09/05/2023;613,70;32,30;0;0;0;0;0;0
202300000000835;10847382001038;10/05/2023;09/05/2023;1209,35;63,65;0;0;0;0;0;0
202300000000798;24166316000116;10/05/2023;11/05/2023;1187,50;0;0;0;0;0;0;0
202300000000822;08840340000132;10/05/2023;11/05/2023;2313,25;0;0;0;0;0;0;0
202300000000891;42333183000107;17/05/2023;11/05/2023;570;0;0;0;0;0;0;0
202300000000833;01334368000159;10/05/2023;11/05/2023;1781,25;0;0;0;0;0;0;0
202300000000878;01679569000198;12/05/2023;11/05/2023;1231,20;0;0;0;0;0;0;0
202300000000877;01679569000198;12/05/2023;11/05/2023;1231,20;0;0;0;0;0;0;0
202200000000650;13384059000172;03/06/2022;12/05/2023;-29,64;1017,64;0;0;0;0;0;0
202300000000747;48571583000137;10/05/2023;12/05/2023;1879,86;58,14;0;0;0;0;0;0
202300000000788;30597341000157;10/05/2023;16/05/2023;1425;0;0;0;0;0;0;0
202300000000795;49820150000130;10/05/2023;16/05/2023;547,20;0;0;0;0;0;0;0
202300000000838;44563716001810;10/05/2023;16/05/2023;836;0;0;0;0;0;0;0
202300000000894;21316170000150;25/05/2023;16/05/2023;14677,50;0;0;0;0;0;0;0
202300000001006;06091465000181;04/06/2023;16/05/2023;617,50;0;0;0;0;0;0;0
202300000000897;02949016000413;27/05/2023;16/05/2023;618,55;0;0;0;0;0;0;0
202300000000354;17428731016643;09/03/2023;17/05/2023;30,22;0;0;0;0;0;0;0
202200000001016;03402488000171;18/08/2022;19/05/2023;456;0;0;0;0;0;0;0
202300000000759;12014510000105;10/05/2023;19/05/2023;6270;0;0;0;0;0;0;0
202300000001092;12392890000103;08/06/2023;22/05/2023;2280;0;0;0;0;0;0;0
202300000000780;09628926000109;10/05/2023;23/05/2023;1282,50;0;0;0;0;0;0;0
202300000000884;24322398000493;14/05/2023;23/05/2023;4408;0;0;0;0;0;0;0
202300000000885;24322398000221;14/05/2023;23/05/2023;532;0;0;0;0;0;0;0
202300000000886;24322398000140;14/05/2023;23/05/2023;2945;0;0;0;0;0;0;0
202300000000887;24322398000736;14/05/2023;23/05/2023;3534;0;0;0;0;0;0;0
202300000000839;02865831000151;10/05/2023;23/05/2023;684;0;0;0;0;0;0;0
202300000001001;34938543000176;04/06/2023;23/05/2023;1377,50;0;0;0;0;0;0;0
202300000000768;05126748000159;10/05/2023;25/05/2023;593,75;0;0;0;0;0;0;0
202300000000805;39249210000153;10/05/2023;26/05/2023;593,75;0;0;0;0;0;0;0
202300000000806;12392171000192;10/05/2023;26/05/2023;2251,50;0;0;0;0;0;0;0
202300000000840;38275932000110;10/05/2023;26/05/2023;1852,50;0;0;0;0;0;0;0
202300000001052;27827034000100;04/06/2023;26/05/2023;570;0;0;0;0;0;0;0
202300000001056;07480558000160;04/06/2023;26/05/2023;285;0;0;0;0;0;0;0
202300000000616;35763849000100;08/04/2023;29/05/2023;2781,03;125,97;0;0;0;0;0;0
202300000000616;35763849000100;08/04/2023;31/05/2023;0;0;0;0;0;0;0;0
202200000001588;29448183000194;12/11/2022;30/05/2023;1103,43;0;0;0;0;0;0;0
202300000000966;18025659000168;02/06/2023;30/05/2023;684;0;0;0;0;0;0;0
202300000000615;30597341000157;08/04/2023;31/05/2023;541,50;0;0;0;0;0;0;0
202300000000819;17428731016643;10/05/2023;31/05/2023;617,50;0;0;0;0;0;0;0
202300000000967;02949016000413;02/06/2023;31/05/2023;2261;0;0;0;0;0;0;0
202300000001077;24870569000176;04/06/2023;31/05/2023;332,50;0;0;0;0;0;0;0
202300000001093;14391014000198;09/06/2023;31/05/2023;3087,50;0;0;0;0;0;0;0
202300000000863;03963091000159;12/05/2023;02/05/2023;176,09;5,44;0;0;0;0;0;0
202300000000870;22150907000170;12/05/2023;04/05/2023;275,94;23,98;0;0;0;0;0;0
202300000000868;09623431000189;12/05/2023;09/05/2023;271,31;40,53;0;0;0;0;0;0
202300000001110;04538231000104;11/06/2023;22/05/2023;85,50;0;0;0;0;0;0;0
202300000001098;03926703000133;11/06/2023;23/05/2023;198,29;0;0;0;0;0;0;0
202300000001108;18586862000103;11/06/2023;23/05/2023;108,45;0;0;0;0;0;0;0
202300000001113;35434511000104;11/06/2023;23/05/2023;95;0;0;0;0;0;0;0
202300000001104;10250158000254;11/06/2023;26/05/2023;95;0;0;0;0;0;0;0
202300000001099;07821600000160;11/06/2023;29/05/2023;95;0;0;0;0;0;0;0
202300000001115;20947234000158;11/06/2023;29/05/2023;176,23;0;0;0;0;0;0;0
202300000001101;11824146000178;11/06/2023;30/05/2023;160,68;0;0;0;0;0;0;0
202300000001102;12215304000155;11/06/2023;30/05/2023;116,37;0;0;0;0;0;0;0
202300000001105;09308955000185;11/06/2023;30/05/2023;101,33;0;0;0;0;0;0;0
202300000001106;28089000000129;11/06/2023;30/05/2023;85,50;0;0;0;0;0;0;0
202300000001111;22150907000170;11/06/2023;30/05/2023;264,10;0;0;0;0;0;0;0
202300000001112;40983088000123;11/06/2023;30/05/2023;95;0;0;0;0;0;0;0
202300000001114;15110859000120;11/06/2023;30/05/2023;227,44;0;0;0;0;0;0;0
202300000001116;04563500000192;11/06/2023;30/05/2023;254,60;0;0;0;0;0;0;0
202300000000735;13128855000144;03/05/2023;08/05/2023;19175,56;0;0;0;0;0;0;216,67
202300000000842;13128855000144;10/05/2023;08/05/2023;213389,97;0;0;0;0;0;0;2411,19
202300000001029;13128897000185;04/06/2023;11/05/2023;202800,00;0;0;0;0;0;0;3623,11
202300000001029;13128897000185;04/06/2023;26/05/2023;104077,02;0;0;0;0;0;0;0
202300000000899;13104740000110;28/05/2023;19/05/2023;8130,29;0;0;0;0;0;0;147,82
202300000000899;13104740000110;28/05/2023;22/05/2023;0;0;0;0;0;0;0;0
202300000000898;13104740000110;28/05/2023;12/05/2023;48781,76;0;0;0;0;0;0;886,94
202300000000969;12243697000100;03/06/2023;11/05/2023;86374,73;0;0;0;0;0;0;1419,08
202300000000491;13117320000178;01/04/2023;17/05/2023;39087,36;0;0;0;0;0;0;642,18
202300000000901;13104740000110;28/05/2023;12/05/2023;24169,08;0;0;0;0;0;0;401,93
202300000000900;13104740000110;28/05/2023;10/05/2023;35306,27;0;0;0;0;0;0;587,13
202300000000730;00796598000177;03/05/2023;03/05/2023;8977,39;0;0;0;0;0;0;149,29
202300000000731;13128780004350;03/05/2023;03/05/2023;29933,38;0;0;0;0;0;0;497,78
202300000000676;13018171000190;30/04/2023;04/05/2023;394531,37;0;0;0;3203,57;14785,69;4928,56;23657,10
202300000000679;13168992000102;03/05/2023;04/05/2023;37614,12;0;0;0;0;0;0;0
202300000000388;13018171000190;11/03/2023;04/05/2023;28303,94;0;0;0;231,42;1068,07;356,02;1708,92
202300000000902;10565000000192;29/05/2023;04/05/2023;5529,48;0;0;0;0;0;0;305,43
202300000000903;10565000000192;29/05/2023;04/05/2023;24882,67;0;0;0;0;0;0;1374,42
202300000000904;10565000000192;29/05/2023;04/05/2023;8294,22;0;0;0;0;0;0;458,14
202300000000704;11718406000120;03/05/2023;05/05/2023;4488,69;0;0;0;0;0;0;74,65
202300000000705;11718406000120;03/05/2023;05/05/2023;8977,39;0;0;0;0;0;0;149,29
202300000000706;11718406000120;03/05/2023;05/05/2023;17954,78;0;0;0;0;0;0;298,58
202300000000707;11718406000120;03/05/2023;05/05/2023;44886,94;0;0;0;0;0;0;746,46
202300000000708;11718406000120;03/05/2023;05/05/2023;67330,41;0;0;0;0;0;0;1119,69
202300000000710;11718406000120;03/05/2023;05/05/2023;22469,71;0;0;0;0;0;0;373,66
202300000000711;11718406000120;03/05/2023;05/05/2023;52429,31;0;0;0;0;0;0;871,88
202300000000712;11718406000120;03/05/2023;05/05/2023;14979,80;0;0;0;0;0;0;249,11
202300000000714;11718406000120;03/05/2023;05/05/2023;29959,61;0;0;0;0;0;0;498,22
202300000000734;43061782000181;03/05/2023;05/05/2023;14672;0;0;0;0;0;0;0
202300000000850;11718406000120;11/05/2023;05/05/2023;737,20;0;0;0;0;0;0;12,26
202300000000937;19432705000106;01/06/2023;05/05/2023;8977,39;0;0;0;0;0;0;149,29
202300000000703;11718406000120;03/05/2023;08/05/2023;13466,08;0;0;0;0;0;0;223,94
202300000000709;11718406000120;03/05/2023;08/05/2023;22443,47;0;0;0;0;0;0;373,23
202300000000713;11718406000120;03/05/2023;08/05/2023;22469,71;0;0;0;0;0;0;373,66
202300000000955;11294402000162;01/06/2023;08/05/2023;24716,07;0;0;0;0;0;0;0
202300000000956;11294402000162;01/06/2023;08/05/2023;179820,82;0;0;0;0;0;0;0
202300000000957;11294402000162;01/06/2023;08/05/2023;12358,04;0;0;0;0;0;0;0
202300000000954;11294402000162;01/06/2023;09/05/2023;60299,67;0;0;0;0;0;0;0
202300000000959;11294402000162;01/06/2023;09/05/2023;43253,12;0;0;0;0;0;0;0
202300000000958;11294402000162;01/06/2023;09/05/2023;339158,76;0;0;0;0;0;0;0
202300000000893;34850014000116;19/05/2023;09/05/2023;9301,30;0;0;0;0;0;0;154,68
202300000000490;11368671000126;01/04/2023;10/05/2023;28931,98;0;0;0;0;0;0;318,99
202300000000925;13128780003974;01/06/2023;10/05/2023;22443,37;0;0;0;0;0;0;373,33
202300000000939;13128780004601;01/06/2023;10/05/2023;4488,69;0;0;0;0;0;0;74,65
202300000000980;13128780003974;03/06/2023;10/05/2023;1157,53;0;0;0;0;0;0;19,25
202300000000680;11168783000133;03/05/2023;11/05/2023;38674,90;0;0;0;0;0;0;0
202300000000683;11168783000133;03/05/2023;11/05/2023;6445,82;0;0;0;0;0;0;0
202200000001521;10565000000192;05/11/2022;11/05/2023;1382,36;0;0;0;0;0;0;76,36
202200000001522;10565000000192;05/11/2022;11/05/2023;691,18;0;0;0;0;0;0;38,18
202200000001523;10565000000192;05/11/2022;11/05/2023;691,18;0;0;0;0;0;0;38,18
202300000000926;13128780010083;01/06/2023;11/05/2023;31420,87;0;0;0;0;0;0;522,52
202300000000927;13128780010083;01/06/2023;11/05/2023;4488,69;0;0;0;0;0;0;74,65
202300000000975;03904395000145;03/06/2023;11/05/2023;74545,92;0;0;0;0;0;0;423,21
202300000000733;13366927000191;03/05/2023;12/05/2023;46904;0;0;0;0;0;0;780
202300000000976;03904395000145;03/06/2023;12/05/2023;13971,29;0;0;0;0;0;0;49,59
202200000002077;17901209000129;15/01/2023;15/05/2023;21689,49;0;0;0;0;0;0;360,69
202300000000682;11168783000133;03/05/2023;15/05/2023;59463,68;0;0;0;0;0;0;0
202300000000685;11168783000133;03/05/2023;15/05/2023;6445,82;0;0;0;0;0;0;0
202300000000941;13128780004350;01/06/2023;15/05/2023;29933,38;0;0;0;0;0;0;497,78
202300000000971;03904395000145;03/06/2023;15/05/2023;379882,28;0;0;0;0;0;0;2302,07
202300000000972;03904395000145;03/06/2023;15/05/2023;13971,29;0;0;0;0;0;0;49,59
202300000000974;03904395000145;03/06/2023;15/05/2023;97798,98;0;0;0;0;0;0;347,16
202300000000726;13128780003389;03/05/2023;16/05/2023;62841,72;0;0;0;0;0;0;1045,04
202300000000973;03904395000145;03/06/2023;16/05/2023;13971,29;0;0;0;0;0;0;49,59
202300000000913;18169809000107;01/06/2023;17/05/2023;35232,07;0;0;0;0;0;0;572,43
202300000000928;05050052000196;01/06/2023;17/05/2023;4488,69;0;0;0;0;0;0;74,65
202300000000940;00796598000177;01/06/2023;17/05/2023;8977,39;0;0;0;0;0;0;149,29
202300000000943;13128780009662;01/06/2023;18/05/2023;4488,69;0;0;0;0;0;0;74,65
202300000000944;13128780009662;01/06/2023;18/05/2023;4488,69;0;0;0;0;0;0;74,65
202300000000914;11718406000120;01/06/2023;19/05/2023;13466,08;0;0;0;0;0;0;223,94
202300000000915;11718406000120;01/06/2023;19/05/2023;8977,39;0;0;0;0;0;0;149,29
202300000000935;13128780004512;01/06/2023;19/05/2023;8977,39;0;0;0;0;0;0;149,29
202300000000936;13128780003389;01/06/2023;19/05/2023;62841,72;0;0;0;0;0;0;1045,04
202300000000965;11718406000120;01/06/2023;19/05/2023;4488,69;0;0;0;0;0;0;74,65
202300000000981;34841195000114;03/06/2023;19/05/2023;6111,50;0;0;0;0;0;0;0
202300000000916;11718406000120;01/06/2023;22/05/2023;17954,78;0;0;0;0;0;0;298,58
202300000000917;11718406000120;01/06/2023;22/05/2023;44886,94;0;0;0;0;0;0;1642,21
202300000000918;11718406000120;01/06/2023;22/05/2023;67330,41;0;0;0;0;0;0;1119,69
202300000000920;11718406000120;01/06/2023;22/05/2023;22469,71;0;0;0;0;0;0;373,66
202300000000921;11718406000120;01/06/2023;22/05/2023;52429,31;0;0;0;0;0;0;871,88
202300000000922;11718406000120;01/06/2023;22/05/2023;14979,80;0;0;0;0;0;0;249,11
202300000000923;11718406000120;01/06/2023;22/05/2023;22469,71;0;0;0;0;0;0;373,66
202300000000924;11718406000120;01/06/2023;22/05/2023;29959,61;0;0;0;0;0;0;498,22
202300000000942;13128780004784;01/06/2023;22/05/2023;8977,39;0;0;0;0;0;0;149,29
202300000001119;34841195000114;16/06/2023;23/05/2023;142933,66;0;0;0;0;0;0;0
202300000000919;11718406000120;01/06/2023;23/05/2023;22443,47;0;0;0;0;0;0;373,23
202300000000906;13168992000102;01/06/2023;24/05/2023;37614,12;0;0;0;0;0;0;0
202300000000931;17901209000129;01/06/2023;24/05/2023;8977,39;0;0;0;0;0;0;149,29
202300000000934;13128780004512;01/06/2023;25/05/2023;13466,08;0;0;0;0;0;0;223,94
202300000000701;11294402000162;03/05/2023;26/05/2023;16208,45;0;0;0;0;0;0;0
202300000000702;11294402000162;03/05/2023;26/05/2023;9890,04;0;0;0;0;0;0;0
202300000000728;13128780004431;03/05/2023;26/05/2023;13466,08;0;0;0;0;0;0;223,94
202300000000907;15613813000124;01/06/2023;26/05/2023;30091,29;0;0;0;0;0;0;0
202300000000912;34850014000116;01/06/2023;26/05/2023;89460,27;0;0;0;0;0;0;1487,70
202300000000945;13366927000191;01/06/2023;26/05/2023;46904;0;0;0;0;0;0;780
202300000000979;43061782000181;03/06/2023;26/05/2023;14672;0;0;0;0;0;0;0
202300000000977;03904395000145;03/06/2023;26/05/2023;13971,29;0;0;0;0;0;0;49,59
202300000000688;34841226000137;03/05/2023;29/05/2023;15045,65;0;0;0;0;0;0;0
202300000000890;13018171000190;17/05/2023;30/05/2023;394071,28;0;0;0;3199,83;14768,44;4922,81;23629,51
202300000000621;13018171000190;12/04/2023;30/05/2023;36227,18;0;0;0;294,16;1357,67;452,56;2172,27
202300000000218;04556274000112;03/03/2023;31/05/2023;7522,82;0;0;0;0;0;0;0
202300000000436;04556274000112;31/03/2023;31/05/2023;7522,82;0;0;0;0;0;0;0
202300000000880;13018171000190;13/05/2023;31/05/2023;24029,37;0;0;0;195,12;900,54;300,18;1440,86
202300000001091;13018171000190;08/06/2023;31/05/2023;42168,97;0;0;0;342,41;1580,35;526,78;2528,56
202300000001120;49334482000105;16/06/2023;31/05/2023;7522,82;0;0;0;0;0;0;0
202300000001124;09209809000100;30/06/2023;01/06/2023;532;0;0;0;0;0;0;0
202300000000988;32728800000462;04/06/2023;02/06/2023;1567,50;0;0;0;0;0;0;0
202300000001049;35564087000104;04/06/2023;02/06/2023;2052;0;0;0;0;0;0;0
202300000000983;13279320000174;04/06/2023;06/06/2023;855;0;0;0;0;0;0;0
202300000000989;10847382001038;04/06/2023;06/06/2023;551;0;0;0;0;0;0;0
202300000000990;14937103000197;04/06/2023;06/06/2023;843,60;0;0;0;0;0;0;0
202300000000992;21008341000183;04/06/2023;06/06/2023;532;0;0;0;0;0;0;0
202300000000994;05126752000117;04/06/2023;06/06/2023;453,60;0;0;0;0;0;0;0
202300000000995;12285276000142;04/06/2023;06/06/2023;5462,50;0;0;0;0;0;0;0
202300000000997;09133730000135;04/06/2023;06/06/2023;617,50;0;0;0;0;0;0;0
202300000000998;03930531000503;04/06/2023;06/06/2023;342;0;0;0;0;0;0;0
202300000000999;03402488000171;04/06/2023;06/06/2023;456;0;0;0;0;0;0;0
202300000001000;04606375000150;04/06/2023;06/06/2023;237,50;0;0;0;0;0;0;0
202300000001003;33919761001415;04/06/2023;06/06/2023;342;0;0;0;0;0;0;0
202300000001004;29932278000189;04/06/2023;06/06/2023;1425;0;0;0;0;0;0;0
202300000001007;27189666000196;04/06/2023;06/06/2023;54,60;0;0;0;0;0;0;0
202300000001008;11791767000100;04/06/2023;06/06/2023;570;0;0;0;0;0;0;0
202300000001009;07732587000172;04/06/2023;06/06/2023;684;0;0;0;0;0;0;0
202300000001011;01747578000179;04/06/2023;06/06/2023;1852,50;0;0;0;0;0;0;0
202300000001013;04843468000441;04/06/2023;06/06/2023;1235;0;0;0;0;0;0;0
202300000001014;11290005000112;04/06/2023;06/06/2023;285;0;0;0;0;0;0;0
202300000001015;07165156000252;04/06/2023;06/06/2023;812,25;0;0;0;0;0;0;0
202300000001016;07165156000171;04/06/2023;06/06/2023;598,50;0;0;0;0;0;0;0
202300000001017;69990182000191;04/06/2023;06/06/2023;513;0;0;0;0;0;0;0
202300000001020;30903019000109;04/06/2023;06/06/2023;684;0;0;0;0;0;0;0
202300000001021;29919761000123;04/06/2023;06/06/2023;513;0;0;0;0;0;0;0
202300000001024;04843468000360;04/06/2023;06/06/2023;1235;0;0;0;0;0;0;0
202300000001025;04515488000221;04/06/2023;06/06/2023;855;0;0;0;0;0;0;0
202300000001027;46720184000165;04/06/2023;06/06/2023;2375;0;0;0;0;0;0;0
202300000001032;27216869001872;04/06/2023;06/06/2023;641,25;0;0;0;0;0;0;0
202300000001033;09344391000217;04/06/2023;06/06/2023;665;0;0;0;0;0;0;0
202300000001034;18311885000105;04/06/2023;06/06/2023;1764;0;0;0;0;0;0;0
202300000001036;00794431000177;04/06/2023;06/06/2023;726,75;0;0;0;0;0;0;0
202300000001038;35546159000190;04/06/2023;06/06/2023;237,50;0;0;0;0;0;0;0
202300000001041;18021441000135;04/06/2023;06/06/2023;964,25;0;0;0;0;0;0;0
202300000001043;26587830000150;04/06/2023;06/06/2023;807,50;0;0;0;0;0;0;0
202300000001046;28964988000128;04/06/2023;06/06/2023;237,50;0;0;0;0;0;0;0
202300000001081;29315061000120;08/06/2023;06/06/2023;611,80;0;0;0;0;0;0;0
202300000001050;02668961000102;04/06/2023;06/06/2023;496,85;0;0;0;0;0;0;0
202300000001051;05876992000139;04/06/2023;06/06/2023;802,75;0;0;0;0;0;0;0
202300000001053;69997096000372;04/06/2023;06/06/2023;807,50;0;0;0;0;0;0;0
202300000001054;69997096000100;04/06/2023;06/06/2023;1092,50;0;0;0;0;0;0;0
202300000001055;17763911001226;04/06/2023;06/06/2023;285;0;0;0;0;0;0;0
202300000001059;12303616000463;04/06/2023;06/06/2023;1596;0;0;0;0;0;0;0
202300000001060;12303616000200;04/06/2023;06/06/2023;1596;0;0;0;0;0;0;0
202300000001063;42763782000160;04/06/2023;06/06/2023;171;0;0;0;0;0;0;0
202300000001064;12020066000122;04/06/2023;06/06/2023;380;0;0;0;0;0;0;0
202300000001065;04843468000280;04/06/2023;06/06/2023;1235;0;0;0;0;0;0;0
202300000001067;17754859000199;04/06/2023;06/06/2023;133;0;0;0;0;0;0;0
202300000001068;10840716000908;04/06/2023;06/06/2023;432,25;0;0;0;0;0;0;0
202300000001069;41424393000148;04/06/2023;06/06/2023;684;0;0;0;0;0;0;0
202300000001070;17336019000106;04/06/2023;06/06/2023;598,50;0;0;0;0;0;0;0
202300000001071;32876089000140;04/06/2023;06/06/2023;831,25;0;0;0;0;0;0;0
202300000001072;05072232000179;04/06/2023;06/06/2023;2066,25;0;0;0;0;0;0;0
202300000001073;34939001000207;04/06/2023;06/06/2023;532;0;0;0;0;0;0;0
202300000001074;02223966010348;04/06/2023;06/06/2023;665;0;0;0;0;0;0;0
202300000001075;23233023000141;04/06/2023;06/06/2023;1662,50;0;0;0;0;0;0;0
202200000001573;10840716000908;09/11/2022;07/06/2023;802,75;0;0;0;0;0;0;0
202200000001824;10840716000908;17/12/2022;07/06/2023;802,75;0;0;0;0;0;0;0
202300000000132;10840716000908;05/02/2023;07/06/2023;802,75;0;0;0;0;0;0;0
202300000000293;10840716000908;09/03/2023;07/06/2023;741;0;0;0;0;0;0;0
202300000000527;10840716000908;07/04/2023;07/06/2023;679,25;0;0;0;0;0;0;0
202300000000757;10840716000908;10/05/2023;07/06/2023;617,50;0;0;0;0;0;0;0
202300000001040;13384059000172;04/06/2023;07/06/2023;1111,50;33,34;0;0;0;0;0;0
202300000001082;38059977000157;08/06/2023;09/06/2023;760;0;0;0;0;0;0;0
202300000001080;04517241000244;08/06/2023;09/06/2023;9994;0;0;0;0;0;0;0
202300000001079;04517241000244;08/06/2023;09/06/2023;3030,50;0;0;0;0;0;0;0
202300000000991;01334368000159;04/06/2023;13/06/2023;593,75;0;0;0;0;0;0;0
202300000001002;08840340000132;04/06/2023;13/06/2023;2313,25;0;0;0;0;0;0;0
202300000001026;24166316000116;04/06/2023;13/06/2023;593,75;0;0;0;0;0;0;0
202300000001078;48571583000137;04/06/2023;13/06/2023;1938;0;0;0;0;0;0;0
202200000001176;13384059000172;08/09/2022;15/06/2023;988;1047,28;0;0;0;0;0;0
202200000001017;03402488000171;18/08/2022;16/06/2023;456;0;0;0;0;0;0;0
202300000001031;49820150000130;04/06/2023;16/06/2023;547,20;0;0;0;0;0;0;0
202300000001037;30597341000157;04/06/2023;16/06/2023;855;0;0;0;0;0;0;0
202300000001097;21316170000150;11/06/2023;16/06/2023;17337,50;0;0;0;0;0;0;0
202200000001385;44563716001578;13/10/2022;20/06/2023;760;0;0;0;0;0;0;0
202200000001572;44563716001578;09/11/2022;20/06/2023;760;0;0;0;0;0;0;0
202200000001823;44563716001578;17/12/2022;20/06/2023;684;0;0;0;0;0;0;0
202200000001991;44563716001578;07/01/2023;20/06/2023;684;0;0;0;0;0;0;0
202300000001045;09628926000109;04/06/2023;20/06/2023;2042,50;0;0;0;0;0;0;0
202300000001066;12014510000105;04/06/2023;20/06/2023;5700;0;0;0;0;0;0;0
202300000001203;27189666000196;06/07/2023;20/06/2023;163,80;0;0;0;0;0;0;0
202300000000985;02865831000151;04/06/2023;21/06/2023;684;0;0;0;0;0;0;0
202300000001005;17428731016643;04/06/2023;21/06/2023;617,50;0;0;0;0;0;0;0
202300000001088;24322398000736;08/06/2023;21/06/2023;3420;0;0;0;0;0;0;0
202300000001087;24322398000140;08/06/2023;21/06/2023;2850;0;0;0;0;0;0;0
202300000001086;24322398000221;08/06/2023;21/06/2023;456;0;0;0;0;0;0;0
202300000001085;24322398000493;08/06/2023;21/06/2023;4256;0;0;0;0;0;0;0
202300000001089;35763849000100;08/06/2023;23/06/2023;950;988;0;0;0;0;0;0
202300000000984;38275932000110;04/06/2023;27/06/2023;1235;0;0;0;0;0;0;0
202300000001018;12392171000192;04/06/2023;27/06/2023;921,50;0;0;0;0;0;0;0
202300000001019;39249210000153;04/06/2023;27/06/2023;593,75;0;0;0;0;0;0;0
202300000001210;01679569000198;09/07/2023;27/06/2023;1231,20;0;0;0;0;0;0;0
202300000001057;05126748000159;04/06/2023;29/06/2023;593,75;0;0;0;0;0;0;0
202300000001109;12612456000191;11/06/2023;02/06/2023;87,64;92,01;0;0;0;0;0;0
202300000001107;03963091000159;11/06/2023;14/06/2023;249,38;291,76;0;0;0;0;0;0
202300000001215;03926703000133;15/07/2023;22/06/2023;266,60;0;0;0;0;0;0;0
202300000001219;10250158000688;15/07/2023;22/06/2023;95;0;0;0;0;0;0;0
202300000001226;04538231000104;15/07/2023;22/06/2023;85,50;0;0;0;0;0;0;0
202300000001231;35434511000104;15/07/2023;23/06/2023;95;0;0;0;0;0;0;0
202300000001216;07821600000160;15/07/2023;26/06/2023;129,82;0;0;0;0;0;0;0
202300000001221;36177114000159;15/07/2023;27/06/2023;95;0;0;0;0;0;0;0
202300000001224;18586862000103;15/07/2023;27/06/2023;95;0;0;0;0;0;0;0
202300000001238;13852771000159;16/07/2023;27/06/2023;123,50;0;0;0;0;0;0;0
202300000001230;40983088000123;15/07/2023;28/06/2023;95;0;0;0;0;0;0;0
202300000001234;03721197000146;15/07/2023;28/06/2023;66,50;0;0;0;0;0;0;0
202300000001233;02877346000106;15/07/2023;28/06/2023;70;0;0;0;0;0;0;0
202300000001233;02877346000106;15/07/2023;28/06/2023;70;0;0;0;0;0;0;0
202300000001222;09308955000185;15/07/2023;30/06/2023;95;0;0;0;0;0;0;0
202300000001229;22150907000170;15/07/2023;30/06/2023;239,11;0;0;0;0;0;0;0
202300000001232;15110859000120;15/07/2023;30/06/2023;307,29;0;0;0;0;0;0;0
202300000001030;13128855000144;04/06/2023;16/06/2023;237900,57;0;0;0;0;0;0;2688,14
202300000001187;13128897000185;02/07/2023;20/06/2023;319758,51;0;0;0;0;0;0;3775,19
202300000001126;13104740000110;30/06/2023;12/06/2023;24661,91;0;0;0;0;0;0;4823,31
202300000001201;13104740000110;06/07/2023;30/06/2023;55071,08;0;0;0;0;0;0;1001,29
202300000001202;13104740000110;06/07/2023;30/06/2023;9178,52;0;0;0;0;0;0;166,88
202300000001125;13104740000110;30/06/2023;05/06/2023;42367,52;0;0;0;0;0;0;704,56
202300000001096;11718406000120;10/06/2023;01/06/2023;5302,39;0;0;0;0;0;0;88,18
202300000000696;11294402000162;03/05/2023;02/06/2023;45878,59;0;0;0;0;0;0;0
202300000000951;11168783000133;01/06/2023;02/06/2023;6445,82;0;0;0;0;0;0;0
202300000000960;11294402000162;01/06/2023;02/06/2023;45878,59;0;0;0;0;0;0;0
202300000000978;13018171000190;03/06/2023;06/06/2023;395046,75;0;0;0;3207,75;14805;4935;23688
202300000000698;11294402000162;03/05/2023;07/06/2023;22526,86;0;0;0;0;0;0;0
202300000000700;11294402000162;03/05/2023;07/06/2023;16208,45;0;0;0;0;0;0;0
202300000000946;11049830000120;01/06/2023;07/06/2023;10561;0;0;0;0;0;0;0
202300000001129;34841195000114;01/07/2023;13/06/2023;142933,66;0;0;0;0;0;0;0
202300000001135;18169809000107;01/07/2023;13/06/2023;34422,07;0;0;0;0;0;0;572,43
202300000001166;13128780004784;01/07/2023;13/06/2023;8977,39;0;0;0;0;0;0;149,29
202300000001149;13128780010083;01/07/2023;14/06/2023;31420,87;0;0;0;0;0;0;522,52
202300000001150;13128780010083;01/07/2023;14/06/2023;4488,69;0;0;0;0;0;0;74,65
202300000001151;05050052000196;01/07/2023;14/06/2023;4488,69;0;0;0;0;0;0;74,65
202300000001160;19432705000106;01/07/2023;14/06/2023;8977,39;0;0;0;0;0;0;149,29
202300000001192;03904395000145;05/07/2023;14/06/2023;13971,29;0;0;0;0;0;0;49,59
202300000001193;03904395000145;05/07/2023;14/06/2023;13971,29;0;0;0;0;0;0;49,59
202300000001128;15613813000124;01/07/2023;15/06/2023;30091,29;0;0;0;0;0;0;0
202300000001159;13128780003389;01/07/2023;15/06/2023;62841,72;0;0;0;0;0;0;1045,04
202300000000948;11168783000133;01/06/2023;16/06/2023;20208,01;0;0;0;0;0;0;0
202300000000949;11168783000133;01/06/2023;16/06/2023;59463,68;0;0;0;0;0;0;0
202300000000961;11294402000162;01/06/2023;16/06/2023;22526,86;0;0;0;0;0;0;0
202300000000962;11294402000162;01/06/2023;16/06/2023;16208,45;0;0;0;0;0;0;0
202300000001162;13128780004601;01/07/2023;16/06/2023;4488,69;0;0;0;0;0;0;74,65
202300000001165;13128780004350;01/07/2023;16/06/2023;29933,38;0;0;0;0;0;0;497,78
202300000001167;13128780009662;01/07/2023;16/06/2023;4488,69;0;0;0;0;0;0;74,65
202300000001169;13128780009662;01/07/2023;16/06/2023;4488,69;0;0;0;0;0;0;74,65
202300000001168;11294402000162;01/07/2023;16/06/2023;11695,26;0;0;0;0;0;0;662,78
202300000000938;13128780004431;01/06/2023;19/06/2023;13466,08;0;0;0;0;0;0;223,94
202300000001130;49334482000105;01/07/2023;19/06/2023;7522,82;0;0;0;0;0;0;0
202300000001199;34841195000114;05/07/2023;19/06/2023;9767,08;0;0;0;0;0;0;0
202300000000687;04556274000112;03/05/2023;20/06/2023;501,52;0;0;0;0;0;0;0
202300000001186;11049830000120;01/07/2023;20/06/2023;10561;0;0;0;0;0;0;0
202300000000933;17901209000129;01/06/2023;21/06/2023;7489,91;0;0;0;0;0;0;124,55
202300000001148;13128780003974;01/07/2023;21/06/2023;22443,47;0;0;0;0;0;0;373,23
202300000001171;11294402000162;01/07/2023;21/06/2023;177437,18;0;0;0;0;0;0;10055,47
202300000001172;11294402000162;01/07/2023;21/06/2023;57065,72;0;0;0;0;0;0;3233,95
202300000001173;11294402000162;01/07/2023;21/06/2023;23390,52;0;0;0;0;0;0;1325,55
202300000001175;11294402000162;01/07/2023;21/06/2023;40933,40;0;0;0;0;0;0;2319,72
202300000001174;11294402000162;01/07/2023;21/06/2023;320969,24;0;0;0;0;0;0;18189,52
202300000001198;13128780003974;05/07/2023;21/06/2023;674,73;0;0;0;0;0;0;11,22
202300000001137;11718406000120;01/07/2023;26/06/2023;4488,69;0;0;0;0;0;0;74,65
202300000001143;11718406000120;01/07/2023;26/06/2023;22469,71;0;0;0;0;0;0;373,66
202300000000691;08042554000163;03/05/2023;27/06/2023;6552,13;0;0;0;0;0;0;0
202300000000947;11168783000133;01/06/2023;27/06/2023;38674,90;0;0;0;0;0;0;0
202300000000950;11168783000133;01/06/2023;27/06/2023;6445,82;0;0;0;0;0;0;0
202300000000910;08042554000163;01/06/2023;27/06/2023;7522,82;0;0;0;0;0;0;0
202300000001132;08042554000163;01/07/2023;27/06/2023;7522,82;0;0;0;0;0;0;0
202300000000911;49410081000197;01/06/2023;28/06/2023;2507,61;0;0;0;0;0;0;0
202300000001133;49410081000197;01/07/2023;28/06/2023;7522,82;0;0;0;0;0;0;0
202300000000909;34841226000137;01/06/2023;30/06/2023;15045,65;0;0;0;0;0;0;0
202300000001138;11718406000120;01/07/2023;30/06/2023;8977,39;0;0;0;0;0;0;149,29
202300000001141;11718406000120;01/07/2023;30/06/2023;67330,41;0;0;0;0;0;0;1119,69
202300000001146;11718406000120;01/07/2023;30/06/2023;22469,71;0;0;0;0;0;0;373,66
